0.2065 0
0.7762 0
1.0217 0
1.2031 0
1.3967 0
1.7903 0
2.1350 0
2.5390 0
2.8444 0
3.2493 0
3.5096 0
3.7040 0
3.8708 0
4.0981 0
4.6865 0
5.1521 0
5.3079 0
5.8764 0
6.3845 0
6.5748 0
6.9820 0
7.1466 0
7.3345 0
7.6572 0
7.9416 0
8.2012 0
8.8880 0
9.0729 0
9.4288 0
10.1760 0
10.3372 0
10.9618 0
11.3697 0
11.5972 0
11.8884 0
12.0411 0
12.3448 0
12.6539 0
13.2223 0
13.4604 0
14.0782 0
14.2355 0
14.5353 0
14.7315 0
14.9078 0
15.2410 0
15.6613 0
15.9955 0
16.1554 0
16.5403 0
16.7662 0
17.5612 0
17.7117 0
17.8691 0
18.1225 0
18.4144 0
18.8033 0
18.9585 0
19.4830 0
19.7793 0
20.0117 0
20.6152 0
20.8575 0
21.1678 0
21.4505 0
22.0404 0
22.2228 0
22.3890 0
22.7383 0
22.9036 0
23.8372 0
24.2469 0
24.4370 0
24.6151 0
24.9950 0
25.4285 0
25.7922 0
26.0188 0
26.4671 0
27.1278 0
27.6729 0
28.0724 0
28.6311 0
29.2682 0
29.4658 0
29.7758 0
30.0609 0
30.4202 0
31.4227 0
31.6954 0
32.2120 0
32.4429 0
32.6718 0
32.8308 0
33.1024 0
33.7406 0
34.0379 0
34.2723 0
34.9935 0
35.1819 0
35.6168 0
35.9268 0
36.3001 0
36.5043 0
36.6956 0
36.9081 0
37.4107 0
37.8147 0
38.1055 0
38.3364 0
38.5312 0
38.9145 0
39.2327 0
39.4945 0
39.7906 0
40.0345 0
40.1911 0
40.4380 0
40.6314 0
40.9143 0
41.1212 0
41.2813 0
41.4920 0
41.7901 0
42.0985 0
42.4838 0
42.8292 0
43.1342 0
43.3293 0
43.6306 0
43.9475 0
44.1832 0
44.4438 0
44.8093 0
45.1083 0
45.4890 0
45.6780 0
46.2340 0
46.5998 0
46.8066 0
47.0082 0
47.1661 0
47.4414 0
47.6310 0
47.8225 0
48.1719 0
48.3450 0
48.5288 0
48.8532 0
49.1705 0
49.7763 0
50.1398 0
50.3142 0
50.7988 0
51.2154 0
51.5222 0
51.8882 0
52.4187 0
52.9211 0
53.1885 0
53.3713 0
53.6101 0
53.8944 0
54.4003 0
54.9127 0
55.1990 0
55.4197 0
55.6063 0
56.0165 0
56.2186 0
56.9595 0
57.2253 0
57.4459 0
57.6872 0
57.9740 0
58.6964 0
59.1561 0
59.4330 0
59.7028 0
60.0400 0
60.3883 0
61.1689 0
61.4542 0
61.7909 0
62.0914 0
62.3851 0
62.6188 0
63.1277 0
63.3982 0
63.6996 0
64.4317 0
64.5938 0
65.0048 0
65.1638 0
65.4846 0
65.8927 0
66.0770 0
66.2355 0
66.4376 0
66.6339 0
67.2802 0
67.7878 0
68.0106 0
68.4069 0
68.6511 0
68.8028 0
69.0702 0
69.2760 0
69.5517 0
70.1849 0
70.3815 0
70.5543 0
71.1018 0
71.3419 0
71.5268 0
71.7304 0
71.9611 0
72.3206 0
72.6498 0
73.4908 0
74.1579 0
74.6789 0
74.9574 0
75.2154 0
75.5922 0
76.1638 0
76.3310 0
76.6487 0
76.8761 0
77.0751 0
77.6214 0
77.9815 0
78.2516 0
78.5010 0
78.8577 0
79.4825 0
79.7287 0
80.0388 0
80.3406 0
80.6907 0
81.0533 0
81.6363 0
82.0165 0
82.4020 0
82.8210 0
83.4106 0
83.5719 0
84.1996 0
84.3831 0
84.5654 0
84.7406 0
84.9244 0
85.0880 0
85.4608 0
86.4502 0
86.7257 0
87.2525 0
87.4042 0
87.6069 0
87.7860 0
88.0999 0
88.2755 0
88.4327 0
88.8449 0
89.2191 0
89.4588 0
89.7032 0
90.1382 0
90.4639 0
90.6307 0
90.9178 0
91.2947 0
91.6189 0
91.9729 0
92.1798 0
92.3467 0
92.4980 0
92.6529 0
93.0186 0
93.2207 0
93.5481 0
93.9994 0
94.5255 0
94.7150 0
95.1868 0
95.5167 0
95.7420 0
96.2062 0
96.9366 0
97.2417 0
97.7048 0
98.4971 0
98.7076 0
98.9368 0
99.6717 0
101.0305 0
101.5539 0
101.8706 0
102.3104 0
102.7323 0
102.9369 0
103.2997 0
103.7250 0
103.8797 0
104.4570 0
104.6719 0
104.9220 0
105.3645 0
105.5681 0
105.8974 0
106.0680 0
106.2703 0
106.5359 0
106.7203 0
107.0778 0
107.2764 0
107.4905 0
108.2064 0
108.3966 0
108.5911 0
109.0522 0
109.2764 0
109.4959 0
110.2141 0
110.6244 0
110.8844 0
111.0493 0
111.2003 0
111.6856 0
112.1471 0
112.3415 0
112.6125 0
113.0106 0
113.2433 0
113.8499 0
114.0089 0
114.3733 0
114.5514 0
114.9827 0
115.1826 0
115.4285 0
115.7824 0
116.0903 0
116.5321 0
116.7113 0
116.8894 0
117.1692 0
117.3631 0
117.7808 0
118.0227 0
118.5413 0
118.8543 0
119.0962 0
119.7925 0
119.9989 0
120.8730 0
121.1911 0
121.4865 0
121.7271 0
122.2491 0
122.5086 0
122.6715 0
123.0955 0
123.5639 0
123.8327 0
124.3051 0
124.6524 0
124.8668 0
125.0649 0
125.2507 0
126.0270 0
126.4887 0
126.7677 0
127.4868 0
127.6484 0
128.0100 0
128.2945 0
128.7121 0
128.9252 0
129.2060 0
129.4490 0
129.6935 0
130.0194 0
130.1998 0
130.6387 0
131.1323 0
131.6287 0
132.3630 0
132.7456 0
132.9432 0
133.1093 0
133.7734 0
133.9668 0
134.3852 0
135.0599 0
135.5052 0
135.7976 0
136.0880 0
136.2448 0
136.5749 0
136.7271 0
137.0282 0
137.2162 0
137.3795 0
137.5705 0
137.7920 0
138.1592 0
139.0686 0
139.2628 0
139.5808 0
139.9789 0
140.3987 0
141.0050 0
141.2702 0
141.4401 0
141.6721 0
142.1727 0
142.7626 0
142.9150 0
143.0704 0
143.4953 0
143.7677 0
144.0371 0
144.5328 0
144.7721 0
145.2606 0
145.5940 0
145.7606 0
146.2636 0
146.5127 0
146.9077 0
147.0683 0
147.3068 0
147.4933 0
147.7349 0
148.0251 0
148.4091 0
148.5758 0
148.7501 0
149.0448 0
149.5372 0
149.8656 0
150.4994 0
150.8120 0
150.9856 0
151.6248 0
152.0615 0
152.2930 0
152.5619 0
152.8895 0
153.2272 0
153.5096 0
153.6756 0
153.9705 0
154.1500 0
154.3050 0
154.6414 0
154.8108 0
155.1796 0
155.4358 0
155.9661 0
156.1714 0
156.3231 0
156.5202 0
156.6797 0
156.8458 0
157.0038 0
157.2819 0
157.6321 0
157.8223 0
157.9901 0
159.4746 0
159.6669 0
159.8561 0
160.1104 0
160.4493 0
160.6007 0
160.8113 0
161.3287 0
161.4899 0
161.6964 0
161.8941 0
162.0574 0
162.4242 0
162.6115 0
163.3230 0
163.4930 0
163.6779 0
163.9654 0
164.1357 0
164.6875 0
165.0782 0
165.2297 0
165.4148 0
165.7240 0
165.9177 0
166.1931 0
167.2791 0
167.4344 0
168.0294 0
168.3335 0
168.5079 0
168.6899 0
169.1336 0
169.5816 0
169.9674 0
170.2409 0
170.4680 0
170.7268 0
171.2520 0
171.5694 0
172.3851 0
173.1164 0
173.4007 0
173.6380 0
174.0460 0
174.1968 0
174.3677 0
174.7487 0
175.2348 0
175.5289 0
175.8472 0
176.0205 0
176.4543 0
176.6293 0
176.9784 0
177.3179 0
177.6372 0
177.8363 0
178.1372 0
178.3435 0
178.5449 0
179.2979 0
180.0882 0
180.3250 0
180.6585 0
180.8344 0
181.1515 0
181.6028 0
181.8534 0
182.0305 0
182.4868 0
182.9799 0
183.2002 0
183.7657 0
184.2458 0
184.4021 0
184.8870 0
185.1202 0
185.2987 0
185.5875 0
185.7845 0
185.9372 0
186.1865 0
186.8929 0
187.0805 0
188.1063 0
188.2600 0
188.5359 0
188.7111 0
189.0516 0
189.3539 0
189.5474 0
189.7869 0
189.9654 0
190.2887 0
190.5773 0
190.9747 0
191.3401 0
191.8935 0
192.0995 0
192.6040 0
192.7789 0
193.0327 0
193.3871 0
193.6258 0
193.8347 0
194.0214 0
194.1937 0
194.3868 0
194.6917 0
195.5741 0
196.1183 0
196.2944 0
196.7231 0
196.9011 0
197.1175 0
197.3147 0
197.5400 0
197.7081 0
198.1295 0
198.3399 0
198.6221 0
198.8392 0
199.5161 0
199.7152 0
200.1587 0
200.5972 0
200.8944 0
201.3828 0
201.6857 0
201.8495 0
202.1530 0
202.3726 0
202.6522 0
203.0073 0
203.1772 0
203.5016 0
204.0591 0
204.2295 0
204.4788 0
205.1412 0
205.4421 0
205.9391 0
206.1949 0
206.3657 0
206.8761 0
207.0277 0
207.2222 0
207.7452 0
207.9534 0
208.1778 0
208.6353 0
209.1788 0
209.4605 0
209.6912 0
209.8745 0
210.0473 0
210.2830 0
210.5014 0
211.0238 0
211.2947 0
211.6206 0
211.8174 0
212.8444 0
213.2375 0
213.4033 0
213.5985 0
213.7522 0
214.0719 0
214.3142 0
214.5023 0
214.8072 0
214.9725 0
215.2705 0
215.5500 0
215.7021 0
216.1758 0
216.3272 0
216.5696 0
216.7346 0
217.2410 0
217.4882 0
217.7275 0
218.0416 0
218.3103 0
218.6767 0
218.9940 0
220.4862 0
220.8266 0
221.0147 0
221.2114 0
221.4892 0
221.8877 0
222.0998 0
222.6299 0
223.3211 0
223.5866 0
223.9916 0
224.1562 0
224.5168 0
225.0782 0
225.3286 0
225.5221 0
225.7679 0
226.1607 0
226.3574 0
226.5751 0
226.7500 0
226.9197 0
227.1551 0
227.5288 0
227.7939 0
228.1730 0
228.6365 0
228.9651 0
229.2048 0
229.7350 0
230.1830 0
230.4720 0
230.7759 0
230.9488 0
231.4651 0
231.8992 0
232.4485 0
232.7632 0
233.0400 0
233.6353 0
233.8323 0
234.0610 0
234.2166 0
234.4375 0
234.5903 0
234.7544 0
234.9866 0
235.6674 0
235.8686 0
236.0363 0
236.3026 0
236.7473 0
237.0010 0
237.2392 0
237.4157 0
237.6678 0
237.9184 0
238.0890 0
238.7270 0
239.0258 0
239.2795 0
239.6136 0
240.1441 0
240.3097 0
240.6504 0
241.2047 0
241.6420 0
241.9516 0
242.1375 0
242.3188 0
242.6197 0
242.8355 0
243.0793 0
243.2405 0
243.4008 0
243.5952 0
244.0741 0
244.2636 0
245.3369 0
245.5547 0
246.3159 0
247.0414 0
247.2315 0
247.5763 0
247.8113 0
248.0328 0
248.9879 0
249.4252 0
249.9001 0
250.0548 0
250.2684 0
250.4654 0
250.8575 0
251.4751 0
251.8845 0
252.1144 0
252.4392 0
253.0595 0
253.3392 0
253.6926 0
253.9881 0
254.4042 0
254.5997 0
255.1163 0
255.4701 0
255.6788 0
256.0435 0
256.2017 0
256.4660 0
256.9031 0
257.4871 0
257.9636 0
258.1983 0
258.4633 0
258.6897 0
259.0174 0
259.2137 0
259.7211 0
259.9280 0
260.1619 0
260.4516 0
260.9240 0
261.1071 0
261.3195 0
261.7836 0
262.1823 0
262.4474 0
262.6428 0
262.9882 0
263.1690 0
263.4025 0
263.9151 0
264.0801 0
264.4275 0
264.6327 0
265.1133 0
265.4618 0
265.7142 0
265.9807 0
266.3269 0
266.4799 0
266.7206 0
266.8833 0
267.3213 0
267.5214 0
267.7100 0
267.9106 0
268.4213 0
268.9462 0
269.3506 0
269.5647 0
270.2311 0
270.6440 0
270.8279 0
271.2646 0
271.4509 0
272.4116 0
272.6722 0
272.8733 0
273.6837 0
274.2586 0
274.4455 0
274.6573 0
274.9021 0
275.3979 0
276.1030 0
276.8825 0
277.1843 0
277.5410 0
277.8423 0
278.2369 0
278.8468 0
279.0666 0
279.4090 0
279.6078 0
280.4269 0
280.7771 0
281.1949 0
281.4611 0
281.9861 0
282.4907 0
282.7591 0
282.9594 0
283.2901 0
283.6254 0
283.9829 0
284.2551 0
284.4103 0
284.6923 0
284.8619 0
285.1060 0
285.4122 0
285.6903 0
285.8715 0
286.1422 0
286.9303 0
287.1408 0
287.2982 0
287.6340 0
287.8472 0
288.4958 0
288.7778 0
288.9280 0
289.1972 0
289.5083 0
290.2246 0
290.3777 0
290.5296 0
290.7718 0
291.2877 0
291.4654 0
292.0028 0
292.2487 0
292.6037 0
292.7927 0
292.9876 0
293.3392 0
294.4013 0
294.5607 0
294.8866 0
295.2457 0
295.6937 0
295.8547 0
296.0455 0
296.4922 0
296.7257 0
297.2790 0
297.4507 0
297.9488 0
298.1635 0
298.6762 0
299.1527 0
299.5820 0
299.7457 0
300.2349 0
300.4674 0
300.8918 0
301.1783 0
301.4993 0
301.6532 0
302.0986 0
302.3827 0
303.0422 0
303.5151 0
303.6668 0
303.9175 0
304.3567 0
304.6085 0
304.7938 0
305.1198 0
305.3572 0
305.7549 0
306.0297 0
306.3183 0
306.4801 0
306.9035 0
307.6641 0
308.0237 0
308.2463 0
308.4322 0
309.2368 0
309.4014 0
309.7103 0
310.0072 0
310.7016 0
310.9773 0
311.2238 0
311.8871 0
312.0878 0
312.4804 0
312.8527 0
313.0424 0
313.2198 0
313.4840 0
313.7097 0
314.0211 0
314.2243 0
314.4656 0
314.8062 0
315.2219 0
315.6162 0
315.8968 0
316.1346 0
316.3464 0
316.8347 0
317.6463 0
317.8021 0
318.1321 0
318.4978 0
319.2066 0
319.4340 0
319.8189 0
320.2024 0
321.2368 0
322.0060 0
322.2960 0
322.8400 0
323.1753 0
323.5239 0
323.6835 0
324.0445 0
324.2866 0
324.6172 0
324.8712 0
325.0270 0
325.2871 0
325.4965 0
325.6993 0
326.0210 0
326.3462 0
326.6668 0
327.0430 0
327.3937 0
327.8346 0
328.3279 0
328.6117 0
328.9124 0
329.2997 0
329.5720 0
329.7410 0
329.9989 0
330.4663 0
330.9373 0
331.1773 0
331.3932 0
331.7984 0
332.8485 0
333.0332 0
333.3307 0
333.6078 0
333.8179 0
334.0473 0
334.8286 0
335.4762 0
335.8337 0
336.0043 0
336.2444 0
336.6085 0
336.8187 0
337.0785 0
338.2385 0
338.5643 0
338.7172 0
339.0652 0
339.2431 0
339.5091 0
339.7502 0
340.0660 0
340.4715 0
340.8189 0
341.0054 0
341.2094 0
342.1445 0
342.4553 0
342.7756 0
342.9394 0
343.2027 0
343.3729 0
343.8337 0
344.3424 0
344.6265 0
344.8071 0
345.0910 0
345.2686 0
345.8438 0
346.0566 0
346.9679 0
347.2204 0
347.4534 0
347.6206 0
348.0209 0
348.2483 0
348.4043 0
348.6769 0
348.9962 0
349.7662 0
349.9642 0
350.3325 0
350.5227 0
350.7051 0
350.9000 0
351.3473 0
351.5665 0
351.9059 0
352.0809 0
352.2489 0
352.4892 0
352.9507 0
353.1646 0
353.4028 0
354.4047 0
354.6045 0
354.9321 0
355.0829 0
355.2385 0
355.6046 0
355.8433 0
356.0151 0
356.5646 0
356.7333 0
357.0059 0
357.2624 0
357.5065 0
357.7570 0
357.9368 0
358.5159 0
358.7249 0
358.9635 0
359.2373 0
359.4357 0
359.6766 0
359.9134 0
360.3176 0
360.5299 0
361.2034 0
361.6367 0
361.7959 0
363.0616 0
363.2348 0
363.4274 0
363.7796 0
364.0884 0
364.3535 0
365.0573 0
365.5200 0
366.2248 0
366.5845 0
366.9000 0
367.1473 0
367.3210 0
367.7077 0
367.8968 0
368.0865 0
368.2830 0
368.4887 0
368.8249 0
369.0802 0
369.3210 0
369.4815 0
369.7191 0
370.0465 0
370.2100 0
370.5717 0
370.8995 0
371.3910 0
371.9626 0
372.1637 0
372.5924 0
372.8247 0
373.0036 0
373.2002 0
373.3965 0
373.8002 0
373.9526 0
374.1455 0
374.3711 0
374.5340 0
375.0950 0
375.4207 0
375.8746 0
376.0832 0
376.3881 0
376.8471 0
377.0786 0
377.3170 0
378.0371 0
378.3195 0
378.5668 0
379.1090 0
379.3566 0
380.2941 0
380.4693 0
380.8194 0
381.0674 0
381.5212 0
381.8127 0
381.9903 0
382.4787 0
382.6734 0
382.8244 0
383.0698 0
383.2928 0
383.5407 0
383.8307 0
384.0111 0
384.2353 0
384.7101 0
385.3167 0
385.5110 0
385.8374 0
386.0417 0
386.1956 0
386.6716 0
387.0095 0
387.2684 0
387.6734 0
387.9951 0
388.3257 0
389.0887 0
389.5253 0
389.7352 0
390.4582 0
391.2613 0
391.4785 0
391.6849 0
392.1648 0
392.5817 0
392.7801 0
393.0488 0
393.5196 0
393.8620 0
394.1798 0
394.3905 0
394.7215 0
394.9067 0
395.2121 0
395.6305 0
396.0203 0
396.6485 0
397.2870 0
397.4797 0
397.8060 0
398.0519 0
398.3057 0
398.6498 0
399.2367 0
400.2120 0
400.5251 0
400.8673 0
401.1144 0
401.6063 0
401.7834 0
401.9605 0
402.1936 0
402.8213 0
403.0083 0
403.3916 0
403.6130 0
403.8821 0
404.2114 0
404.3872 0
405.1431 0
405.8398 0
406.0864 0
406.3607 0
406.6646 0
406.9161 0
407.0754 0
407.3438 0
407.6739 0
407.8913 0
408.2038 0
408.8202 0
408.9982 0
409.1848 0
409.4123 0
409.5828 0
410.6321 0
410.9869 0
411.3643 0
411.5740 0
412.0684 0
412.3543 0
412.6336 0
412.8892 0
413.1422 0
413.4103 0
413.6218 0
413.9540 0
414.1730 0
414.3532 0
414.5673 0
414.7476 0
415.3269 0
415.5257 0
415.8273 0
416.0626 0
416.2484 0
416.6022 0
416.8272 0
417.0651 0
417.3300 0
417.5331 0
417.9373 0
418.3727 0
418.5818 0
418.8387 0
419.0313 0
419.2937 0
419.5473 0
419.7414 0
421.0624 0
421.2780 0
421.7655 0
422.1891 0
422.5422 0
422.8274 0
423.0203 0
423.2525 0
423.6138 0
423.8480 0
424.1229 0
424.4125 0
424.6217 0
424.8907 0
425.0765 0
425.2359 0
425.5580 0
425.8147 0
426.0654 0
426.3614 0
426.5842 0
427.0426 0
427.4567 0
427.7896 0
428.5200 0
428.7417 0
428.9005 0
429.0630 0
429.3238 0
429.5031 0
429.9294 0
430.4335 0
430.9552 0
431.2911 0
431.4907 0
431.7465 0
432.2524 0
432.5824 0
432.8254 0
433.0765 0
433.3262 0
433.6359 0
433.7947 0
434.2813 0
434.4786 0
434.6839 0
434.9198 0
435.0717 0
435.3399 0
436.3174 0
436.4837 0
436.7619 0
437.0036 0
437.2925 0
437.5552 0
438.7477 0
439.0517 0
439.2493 0
439.4816 0
439.7733 0
440.0237 0
440.2990 0
440.5030 0
440.6837 0
441.1750 0
441.3879 0
441.6143 0
442.0304 0
442.3992 0
442.6113 0
442.7661 0
442.9526 0
443.3380 0
443.5101 0
444.0952 0
444.2617 0
444.8761 0
445.1141 0
445.2855 0
445.4486 0
445.6846 0
446.0292 0
446.2466 0
446.4072 0
446.9679 0
447.2102 0
447.4978 0
447.8694 0
448.1312 0
448.3413 0
448.6965 0
448.9485 0
449.1457 0
449.3297 0
449.5930 0
449.9893 0
450.1606 0
450.8530 0
451.0112 0
451.3099 0
451.6752 0
452.0185 0
452.2044 0
452.5000 0
452.7372 0
453.0734 0
453.4007 0
453.7329 0
454.1707 0
454.4042 0
454.8030 0
455.1867 0
455.3635 0
455.8751 0
456.2185 0
456.3693 0
456.5877 0
457.0451 0
457.2533 0
457.4378 0
457.7146 0
458.2446 0
458.4784 0
458.8841 0
459.0375 0
459.2767 0
459.6438 0
460.0105 0
460.2932 0
460.4807 0
460.7870 0
461.1779 0
461.5132 0
461.6668 0
462.4599 0
462.6992 0
463.0724 0
463.3011 0
463.6258 0
463.8423 0
464.1506 0
464.5098 0
464.7035 0
464.9880 0
465.4412 0
465.6967 0
466.1958 0
466.4633 0
466.6201 0
466.8909 0
467.0807 0
467.7873 0
467.9410 0
468.1670 0
468.3866 0
469.1422 0
469.2988 0
469.6107 0
469.8350 0
470.1319 0
470.3592 0
470.8255 0
471.1576 0
471.4996 0
471.8551 0
472.2531 0
472.4325 0
472.7983 0
473.3120 0
473.9385 0
474.1318 0
474.4474 0
474.6085 0
474.8579 0
475.0480 0
475.4163 0
475.5931 0
475.8879 0
476.0835 0
476.5368 0
476.9569 0
477.4154 0
477.8567 0
478.0223 0
478.2454 0
478.8128 0
479.1584 0
479.3800 0
479.8239 0
480.0263 0
480.2218 0
480.3718 0
480.5572 0
481.7030 0
481.9006 0
482.0838 0
482.2972 0
482.9617 0
483.1551 0
483.3930 0
484.9327 0
485.1247 0
485.4394 0
485.6495 0
485.9744 0
486.2253 0
486.5446 0
486.8524 0
487.0360 0
487.2420 0
487.6558 0
487.9521 0
488.1519 0
488.3203 0
488.5121 0
488.6677 0
488.8755 0
489.0809 0
489.6703 0
489.8628 0
490.0683 0
490.2490 0
490.4797 0
490.7906 0
491.2252 0
491.4989 0
491.7869 0
492.0380 0
492.3899 0
492.5666 0
492.7225 0
493.0609 0
493.2729 0
493.5162 0
493.6691 0
493.8558 0
494.0960 0
494.4529 0
494.9002 0
495.0536 0
495.6335 0
495.8080 0
496.0661 0
496.2516 0
496.6452 0
496.8248 0
497.1523 0
497.5335 0
497.7709 0
498.0880 0
498.3975 0
498.6359 0
498.9572 0
499.2088 0
499.4439 0
499.8087 0