0.7172 0
1.1451 0
1.2784 0
1.7498 0
1.8847 0
2.1794 0
2.6999 0
3.0925 0
3.6282 0
3.8253 0
4.8114 0
5.0071 0
5.3057 0
5.4640 0
5.7593 0
6.3078 0
7.0333 0
7.7922 0
8.3514 0
8.5781 0
8.8629 0
8.9732 0
9.1797 0
9.4822 0
9.6123 0
9.7755 0
10.0933 0
10.2467 0
10.3941 0
10.5150 0
10.6254 0
10.8790 0
11.2608 0
11.4366 0
11.5743 0
11.8955 0
12.1566 0
12.4865 0
12.9114 0
13.3164 0
14.4178 0
14.5674 0
14.7539 0
14.9236 0
15.6602 0
15.7913 0
16.0858 0
16.1869 0
16.3163 0
16.8352 0
16.9462 0
17.1502 0
17.6035 0
17.7912 0
18.3345 0
18.5640 0
18.6969 0
19.1640 0
19.5238 0
19.6649 0
19.7893 0
20.1482 0
20.2605 0
20.3772 0
20.5979 0
20.7946 0
20.9030 0
21.0591 0
21.5336 0
21.9290 0
22.3641 0
22.4743 0
22.7202 0
22.8531 0
23.0428 0
23.4692 0
24.4252 0
25.2944 0
26.3023 0
26.4834 0
26.7006 0
26.9458 0
27.2428 0
27.4840 0
27.6084 0
27.8044 0
27.9938 0
28.1615 0
29.0492 0
29.9095 0
30.1463 0
30.5290 0
31.0171 0
31.6000 0
32.1160 0
32.4200 0
33.0079 0
33.1466 0
33.3712 0
33.5987 0
34.1234 0
34.9697 0
35.1113 0
35.2569 0
35.4589 0
35.6778 0
35.8103 0
36.2102 0
36.8021 0
37.0817 0
37.4107 0
37.5594 0
37.9050 0
38.4250 0
38.5371 0
39.3134 0
39.6746 0
40.2028 0
40.7111 0
41.3628 0
41.6786 0
42.3088 0
42.6846 0
42.9368 0
43.6810 0
43.7980 0
43.9230 0
44.2959 0
44.4719 0
44.9487 0
45.1271 0
45.7098 0
46.5964 0
46.7360 0
47.2962 0
47.5688 0
47.8567 0
48.1037 0
48.5560 0
48.9441 0
49.2579 0
49.5209 0
49.6601 0
50.1090 0
50.2240 0
50.3470 0
50.4979 0
50.7180 0
50.8222 0
50.9334 0
51.2714 0
51.5230 0
51.7073 0
52.0111 0
52.1187 0
52.3537 0
52.5975 0
52.7495 0
52.9064 0
53.6727 0
53.8394 0
54.1792 0
54.4605 0
54.8565 0
55.2352 0
56.0233 0
56.1805 0
56.3880 0
56.5053 0
56.7205 0
56.8644 0
56.9703 0
57.3362 0
57.6477 0
57.7974 0
58.1068 0
58.2139 0
58.4873 0
58.6678 0
59.1669 0
59.3102 0
59.8268 0
59.9706 0
60.7749 0
60.9348 0
61.0356 0
61.3102 0
62.0575 0
62.1664 0
62.3064 0
62.8918 0
63.3365 0
63.5080 0
63.7492 0
64.0107 0
64.1466 0
64.2716 0
64.7601 0
64.9628 0
65.2632 0
65.3810 0
65.6050 0
66.6862 0
67.1723 0
67.6682 0
68.2280 0
69.2083 0
69.3266 0
69.5027 0
69.8256 0
70.5812 0
70.7333 0
70.8612 0
71.1769 0
71.3081 0
71.5195 0
71.6882 0
71.8840 0
72.2647 0
72.7158 0
72.8187 0
72.9681 0
73.0843 0
74.1574 0
74.8783 0
74.9817 0
75.2112 0
75.6821 0
76.0088 0
77.1516 0
77.6355 0
78.2511 0
78.5727 0
78.8967 0
79.2701 0
79.5347 0
79.6893 0
79.8313 0
80.0215 0
80.1466 0
80.4764 0
80.7581 0
81.0429 0
81.2227 0
81.3598 0
81.6792 0
81.8957 0
82.8751 0
83.4889 0
83.5971 0
83.7733 0
83.8874 0
84.0236 0
84.5837 0
85.1321 0
85.6861 0
85.8701 0
86.3076 0
86.6284 0
87.6475 0
87.8665 0
88.0098 0
88.3203 0
88.4621 0
88.6920 0
88.9220 0
89.0285 0
89.1330 0
89.5702 0
90.1951 0
90.6829 0
91.0357 0
91.6260 0
92.6234 0
92.8244 0
92.9907 0
93.3474 0
93.8194 0
94.6120 0
94.7278 0
95.3253 0
95.4595 0
96.6129 0
96.9878 0
97.2251 0
97.3273 0
98.3801 0
98.7389 0
98.8548 0
99.0096 0
99.2212 0
99.3838 0
99.5735 0
99.6803 0
99.9983 0
100.3270 0
100.4656 0
100.8595 0
101.0767 0
101.4479 0
101.5560 0
101.7958 0
101.9292 0
102.1625 0
102.5044 0
102.6207 0
102.9024 0
103.0525 0
103.9602 0
104.5167 0
104.9966 0
105.1936 0
105.7089 0
106.1244 0
106.2724 0
106.4047 0
106.5605 0
106.9840 0
107.2781 0
107.8785 0
108.0022 0
108.1324 0
108.5948 0
108.8370 0
108.9490 0
109.0877 0
109.5200 0
109.7148 0
109.9911 0
110.4954 0
110.7193 0
110.8708 0
111.0147 0
111.5021 0
111.6748 0
111.8499 0
112.3266 0
112.4375 0
112.7765 0
113.1642 0
113.6054 0
113.9628 0
114.1407 0
114.2550 0
114.4860 0
114.9991 0
115.1030 0
115.2533 0
115.3846 0
115.6009 0
116.0833 0
116.3573 0
116.7884 0
117.3903 0
117.5235 0
118.0405 0
118.1680 0
118.5357 0
119.0378 0
119.2591 0
120.0214 0
120.2964 0
120.4376 0
120.9074 0
121.6922 0
121.8950 0
122.0741 0
122.2516 0
122.6878 0
122.8860 0
123.3910 0
123.6812 0
123.8433 0
124.0786 0
124.2349 0
124.5347 0
124.6485 0
125.3815 0
125.7613 0
125.9210 0
126.2485 0
126.6020 0
126.9867 0
127.2113 0
127.7832 0
128.7954 0
129.0948 0
129.2936 0
129.5390 0
129.9676 0
130.3008 0
130.6408 0
130.8350 0
130.9524 0
131.1002 0
131.4350 0
131.6186 0
131.8425 0
132.1537 0
132.2601 0
132.7483 0
132.9011 0
133.3762 0
133.5022 0
133.8804 0
135.7508 0
136.1864 0
136.6272 0
137.0598 0
137.3031 0
137.6512 0
138.0849 0
138.2682 0
138.4575 0
138.5877 0
138.8732 0
139.1103 0
139.3356 0
139.5982 0
139.8061 0
139.9245 0
140.6408 0
141.6283 0
141.8637 0
142.9360 0
143.7602 0
143.9629 0
144.1362 0
144.5509 0
144.8047 0
145.8660 0
147.0268 0
147.2096 0
147.5519 0
147.7012 0
148.1798 0
148.4778 0
148.9081 0
149.0184 0
150.1785 0
150.8517 0
151.7494 0
151.8745 0
152.3350 0
152.6683 0
153.0128 0
153.2680 0
154.1108 0
154.8854 0
155.6257 0
155.8333 0
155.9351 0
156.3329 0
156.5548 0
156.8649 0
157.4547 0
157.6297 0
157.8844 0
158.0408 0
158.2016 0
158.3070 0
158.8203 0
159.0269 0
159.4697 0
159.9576 0
160.2869 0
160.6141 0
160.7268 0
160.8429 0
161.0747 0
161.3816 0
161.6199 0
162.1710 0
162.4254 0
162.5743 0
162.7690 0
162.8846 0
163.3590 0
163.9115 0
164.3025 0
164.9934 0
165.2871 0
165.6471 0
166.1512 0
166.3458 0
166.9551 0
167.0854 0
167.2320 0
167.5694 0
167.7049 0
168.1482 0
168.7294 0
168.8649 0
168.9865 0
170.3031 0
170.6060 0
170.7991 0
170.9131 0
171.0438 0
172.0434 0
172.5685 0
172.8426 0
173.0246 0
173.3394 0
173.5170 0
173.6807 0
173.8777 0
174.1029 0
174.2552 0
174.4660 0
174.6944 0
175.0224 0
175.4285 0
175.8547 0
176.0316 0
176.2788 0
176.4193 0
176.5410 0
176.8417 0
177.3445 0
177.4919 0
177.8391 0
177.9550 0
178.1076 0
178.7013 0
179.1578 0
179.7168 0
179.8443 0
180.5103 0
180.6632 0
180.9121 0
181.1244 0
181.4623 0
182.0193 0
182.3828 0
182.5212 0
182.8892 0
183.0564 0
183.3473 0
183.5846 0
183.7066 0
183.8696 0
183.9891 0
184.1579 0
184.5611 0
185.0620 0
185.1917 0
185.7185 0
185.8994 0
186.1783 0
186.5696 0
186.9349 0
187.1633 0
187.3659 0
187.5139 0
188.1126 0
188.3074 0
188.4666 0
188.8495 0
189.2719 0
189.4900 0
189.6677 0
189.7884 0
189.8935 0
190.2083 0
190.4072 0
190.5134 0
190.8259 0
191.1112 0
191.4001 0
191.5073 0
191.6901 0
191.9164 0
192.3499 0
193.1215 0
193.2529 0
193.5971 0
193.8943 0
194.3969 0
194.5999 0
195.0072 0
195.2310 0
195.4615 0
195.7345 0
195.8886 0
196.4277 0
196.5666 0
196.8818 0
197.5087 0
197.6512 0
198.0028 0
198.6722 0
198.9826 0
199.7441 0
199.8968 0
200.3698 0
200.5704 0
201.4389 0
201.6903 0
201.9477 0
202.2743 0
202.6194 0
203.0158 0
203.3796 0
203.6344 0
204.5145 0
205.0680 0
205.5491 0
205.6593 0
205.8658 0
206.4024 0
206.5539 0
206.7580 0
207.3955 0
207.8647 0
208.0457 0
208.4679 0
208.7034 0
208.9153 0
209.2674 0
209.5012 0
209.8458 0
210.3387 0
210.7856 0
211.6230 0
212.3154 0
212.4476 0
212.8277 0
213.3389 0
213.4957 0
213.6147 0
213.8330 0
214.5881 0
214.9709 0
215.5583 0
215.8431 0
215.9865 0
216.1570 0
216.4151 0
216.6229 0
216.9554 0
217.2408 0
217.8155 0
217.9370 0
218.2477 0
218.9695 0
219.1941 0
219.3728 0
219.5208 0
219.6706 0
219.9537 0
220.3691 0
220.5816 0
220.7066 0
220.8183 0
221.2951 0
221.4453 0
222.4981 0
222.8246 0
223.0974 0
223.2125 0
223.3998 0
223.6578 0
223.8155 0
223.9431 0
224.6036 0
224.8766 0
225.5503 0
225.6634 0
225.7915 0
226.0468 0
226.2633 0
226.4875 0
226.9825 0
227.4256 0
227.5736 0
227.8812 0
228.0842 0
228.5505 0
229.1838 0
229.4213 0
229.6327 0
230.5342 0
230.9642 0
231.2652 0
231.4888 0
231.8439 0
231.9632 0
232.2057 0
232.4085 0
233.6086 0
234.0662 0
234.3306 0
235.0863 0
235.4652 0
235.5983 0
235.9856 0
236.2640 0
236.4722 0
236.8333 0
236.9977 0
237.8794 0
238.0936 0
238.5773 0
239.0489 0
239.2437 0
239.4712 0
239.7370 0
239.8844 0
240.4286 0
240.7417 0
240.8948 0
241.1520 0
241.2553 0
241.5610 0
241.6684 0
242.7616 0
242.9328 0
243.2600 0
243.5579 0
243.7057 0
243.8545 0
244.0339 0
244.5602 0
244.7276 0
244.9411 0
245.1449 0
245.3298 0
246.1791 0
246.2818 0
246.8910 0
247.5706 0
247.6911 0
248.5642 0
248.8963 0
249.0474 0
249.1950 0
249.5735 0
249.8423 0
250.0636 0
250.2351 0
250.4523 0
250.6030 0
250.7265 0
250.8268 0
251.0141 0
251.3778 0
252.0260 0
252.2189 0
252.4545 0
252.7357 0
252.9379 0
253.2050 0
253.5404 0
253.8740 0
254.2927 0
254.4997 0
254.6779 0
254.8083 0
255.0461 0
255.1892 0
255.4345 0
256.2391 0
256.5871 0
256.8082 0
257.0677 0
257.4736 0
257.6273 0
257.8390 0
258.5269 0
258.7062 0
258.8629 0
259.1803 0
259.8751 0
260.3082 0
260.7448 0
261.0777 0
261.3251 0
261.4801 0
261.5984 0
261.7766 0
262.0836 0
262.7263 0
263.0788 0
263.6165 0
263.7352 0
263.9246 0
264.0604 0
264.2418 0
264.6669 0
265.1513 0
265.4389 0
265.5410 0
265.7355 0
265.8464 0
265.9784 0
266.1572 0
266.6078 0
266.7582 0
267.1266 0
267.4730 0
267.7219 0
267.9699 0
268.4680 0
268.8021 0
269.1155 0
269.2647 0
269.4752 0
269.6880 0
270.1330 0
270.3063 0
270.4731 0
270.7932 0
271.0220 0
271.2683 0
271.8684 0
272.1011 0
272.2270 0
272.3496 0
272.8074 0
273.1660 0
273.5176 0
274.2005 0
274.4850 0
274.6777 0
274.9317 0
276.0240 0
276.4301 0
276.8875 0
277.0919 0
277.6758 0
278.0981 0
278.6456 0
278.7690 0
278.9034 0
279.2964 0
279.5555 0
279.9636 0
280.1024 0
280.3190 0
280.6002 0
280.7723 0
281.6177 0
282.0687 0
282.4365 0
282.5869 0
284.1050 0
284.2835 0
284.4519 0
284.8861 0
285.4112 0
285.7746 0
285.9326 0
286.1552 0
286.3152 0
286.7213 0
286.8649 0
286.9840 0
287.6755 0
287.8885 0
288.3576 0
289.0567 0
289.2846 0
289.5046 0
289.6500 0
289.9908 0
290.2772 0
290.4278 0
290.5405 0
291.4392 0
292.0087 0
292.1356 0
292.3335 0
292.4671 0
293.1825 0
293.5049 0
293.6201 0
293.7734 0
293.8875 0
294.4302 0
294.8160 0
294.9542 0
295.1077 0
295.4766 0
295.5915 0
295.8914 0
296.1124 0
297.1194 0
297.4852 0
298.0785 0
298.2878 0
298.5312 0
298.8736 0
299.2640 0
299.5069 0
299.6372 0
300.0695 0
300.3820 0
300.6394 0
301.2429 0
301.4116 0
301.6274 0
301.8035 0
301.9163 0
302.0633 0
302.3833 0
302.7117 0
302.9948 0
303.1646 0
303.7421 0
304.0389 0
304.4996 0
304.7756 0
305.4409 0
306.0917 0
306.4359 0
306.6004 0
306.8210 0
307.0984 0
307.4584 0
308.0520 0
308.8700 0
309.1583 0
309.4300 0
309.9576 0
310.2187 0
311.4920 0
311.7776 0
312.0506 0
312.4605 0
312.7064 0
313.1744 0
313.6448 0
313.9448 0
314.1075 0
314.3233 0
314.5516 0
314.7986 0
315.0338 0
316.0564 0
316.4399 0
316.7660 0
317.1668 0
317.3675 0
317.7025 0
317.8027 0
318.0767 0
318.3581 0
318.9141 0
319.1326 0
319.4606 0
320.3306 0
320.4339 0
320.7928 0
321.2929 0
321.4649 0
321.5716 0
321.6998 0
321.8163 0
322.2580 0
323.3054 0
323.8522 0
324.3017 0
325.0478 0
325.2239 0
325.5138 0
325.6834 0
326.5325 0
327.6125 0
327.8642 0
328.0391 0
328.3824 0
328.8633 0
329.0829 0
329.5072 0
329.6250 0
329.8393 0
329.9650 0
330.1799 0
330.3269 0
330.9707 0
331.0737 0
331.2433 0
331.4361 0
331.7590 0
332.1546 0
332.3181 0
332.5385 0
332.6522 0
333.0993 0
333.3175 0
334.0861 0
334.6212 0
334.7681 0
335.2785 0
335.7167 0
336.2615 0
336.4201 0
337.5717 0
337.7888 0
338.0375 0
338.3913 0
339.2099 0
339.4986 0
339.9255 0
340.0534 0
340.8932 0
341.4554 0
341.6888 0
341.9082 0
342.0214 0
342.4514 0
342.6789 0
343.0599 0
343.2470 0
343.6769 0
343.7924 0
343.9661 0
344.4500 0
344.7470 0
344.8880 0
345.2406 0
345.4779 0
345.7500 0
345.9303 0
346.0696 0
346.1795 0
346.5692 0
346.8487 0
347.1537 0
347.5848 0
347.7327 0
347.9048 0
348.4214 0
348.7936 0
348.9885 0
349.4510 0
350.0695 0
350.1856 0
351.4887 0
351.9145 0
352.1104 0
352.4340 0
352.8906 0
353.9228 0
354.0362 0
354.2093 0
354.3178 0
354.4352 0
354.6318 0
354.7968 0
354.9014 0
355.3660 0
356.1101 0
356.7381 0
356.9288 0
357.0830 0
357.2651 0
357.4503 0
357.8849 0
357.9960 0
358.3828 0
358.5650 0
359.3411 0
359.4960 0
359.6582 0
359.8381 0
360.3514 0
360.7080 0
361.1188 0
361.5376 0
361.8937 0
362.0225 0
362.4990 0
362.9531 0
363.2847 0
363.7699 0
363.9569 0
364.2767 0
364.6759 0
364.9288 0
365.4822 0
365.6664 0
365.9378 0
366.9461 0
367.2868 0
367.4216 0
367.5750 0
368.2130 0
368.4081 0
368.5708 0
368.7469 0
369.4203 0
369.5610 0
369.8220 0
370.3453 0
370.6170 0
370.7441 0
371.1689 0
371.5565 0
371.6947 0
372.0046 0
372.1494 0
372.3178 0
372.4786 0
372.6192 0
372.7393 0
373.1585 0
373.2848 0
373.4429 0
373.5760 0
373.7659 0
373.8715 0
373.9878 0
374.1512 0
374.6977 0
375.2486 0
375.4146 0
375.6413 0
375.7926 0
375.9455 0
376.3814 0
376.5480 0
376.9527 0
377.6928 0
377.9097 0
378.6389 0
378.8419 0
379.4152 0
379.5881 0
379.8087 0
380.0165 0
380.1630 0
380.7107 0
381.2699 0
381.4292 0
381.7953 0
382.3406 0
382.5486 0
382.9165 0
383.0167 0
383.1420 0
383.5401 0
383.6978 0
384.3463 0
384.7268 0
385.0739 0
385.5083 0
385.8010 0
386.0516 0
386.1986 0
386.4640 0
386.6834 0
387.7646 0
387.9944 0
388.6150 0
388.7611 0
389.5221 0
389.8740 0
390.3424 0
390.6376 0
390.8380 0
391.0452 0
391.3531 0
391.7022 0
391.9835 0
392.1331 0
392.4929 0
392.6080 0
392.7637 0
392.9161 0
393.1436 0
393.6038 0
393.8255 0
394.1686 0
394.8043 0
395.0402 0
395.1809 0
395.4634 0
395.8010 0
396.0307 0
396.6947 0
397.2505 0
398.0731 0
398.2308 0
398.3998 0
399.2742 0
399.4406 0
399.5808 0
399.7726 0
400.0372 0
400.4489 0
400.7901 0
401.2285 0
402.0338 0
402.2556 0
402.4959 0
402.7212 0
402.8472 0
403.0189 0
403.2625 0
403.5843 0
404.2019 0
404.3536 0
405.3670 0
405.6044 0
405.7661 0
406.0240 0
406.5574 0
406.9564 0
407.1079 0
407.3241 0
408.2403 0
408.3706 0
408.7322 0
409.2433 0
409.5063 0
409.7704 0
409.9680 0
410.6052 0
410.7671 0
411.1782 0
411.4016 0
411.6026 0
412.1023 0
412.7076 0
413.6827 0
413.8083 0
413.9965 0
414.2639 0
414.3829 0
414.5408 0
414.7441 0
415.1100 0
415.7567 0
416.0651 0
416.2580 0
416.4162 0
416.5715 0
416.7228 0
416.8355 0
417.0519 0
417.1580 0
417.6970 0
418.1400 0
418.4112 0
418.7202 0
418.9217 0
419.4055 0
419.9382 0
420.2545 0
420.4212 0
420.6226 0
420.9075 0
421.4248 0
421.8651 0
422.5916 0
423.0648 0
423.5587 0
423.8573 0
424.1053 0
424.3841 0
424.8291 0
425.0851 0
425.2090 0
425.5974 0
425.8259 0
426.0453 0
426.2356 0
426.3372 0
426.5054 0
426.6578 0
427.0377 0
427.8114 0
428.0411 0
429.5981 0
430.0976 0
430.3533 0
430.6924 0
431.3093 0
431.4663 0
431.9963 0
432.1727 0
432.8418 0
433.0190 0
433.5256 0
433.9317 0
434.3216 0
434.7187 0
434.8952 0
435.0830 0
435.2721 0
435.6123 0
436.2520 0
436.4259 0
436.7212 0
436.8873 0
437.0742 0
437.3520 0
437.7773 0
439.0116 0
439.2090 0
439.3218 0
439.9283 0
440.1486 0
440.4798 0
440.8029 0
440.9991 0
441.1358 0
441.6099 0
441.7397 0
441.8975 0
443.3537 0
443.4956 0
443.9057 0
444.1390 0
444.7618 0
444.9062 0
445.1223 0
445.2834 0
445.5174 0
445.6564 0
445.7774 0
446.2038 0
446.5103 0
446.7644 0
446.9251 0
447.1249 0
447.2718 0
447.4547 0
447.8814 0
448.0142 0
448.3299 0
448.5782 0
449.9041 0
450.1460 0
450.6407 0
450.8226 0
451.5196 0
451.7415 0
451.9209 0
452.2187 0
452.3308 0
452.8599 0
453.2024 0
453.4075 0
453.6403 0
454.1578 0
454.4090 0
454.6127 0
454.9264 0
455.1986 0
455.5353 0
455.7595 0
456.0121 0
456.5423 0
456.7906 0
456.9259 0
457.1888 0
457.3368 0
457.5190 0
458.0824 0
458.2604 0
458.8430 0
459.2095 0
460.5561 0
460.9230 0
461.0639 0
461.2072 0
461.3496 0
462.0835 0
462.4762 0
462.8316 0
463.0240 0
463.6287 0
463.7571 0
464.3526 0
464.6266 0
465.1105 0
465.2853 0
465.5751 0
465.6963 0
465.8270 0
466.1466 0
466.3342 0
466.7837 0
466.9979 0
467.1605 0
467.5779 0
467.7241 0
467.8597 0
467.9866 0
468.2480 0
468.9908 0
469.4134 0
471.4815 0
471.7141 0
471.8295 0
472.1297 0
472.4529 0
472.6310 0
472.8382 0
473.5293 0
473.8982 0
474.0408 0
475.2684 0
475.4224 0
475.6682 0
475.8770 0
476.0734 0
476.5100 0
477.1932 0
477.3241 0
477.4492 0
477.9927 0
478.1549 0
478.4016 0
478.7041 0
479.3674 0
479.6382 0
480.0770 0
480.5911 0
480.6949 0
480.8487 0
480.9709 0
481.2070 0
481.3850 0
481.7042 0
481.8834 0
482.1661 0
482.4900 0
483.6937 0
483.8532 0
484.0562 0
484.4122 0
484.7631 0
485.0568 0
485.2903 0
485.4379 0
485.7311 0
486.2213 0
486.7870 0
487.3720 0
487.6838 0
488.3798 0
488.7357 0
488.9820 0
489.3898 0
489.4942 0
489.7113 0
490.0829 0
490.3149 0
490.4929 0
490.8324 0
491.0137 0
491.5667 0
491.6709 0
492.0829 0
492.5902 0
493.0802 0
493.2451 0
493.4403 0
493.8043 0
494.6736 0
494.8150 0
494.9426 0
495.2719 0
495.4914 0
495.9043 0
496.1583 0
496.5114 0
496.6322 0
496.9562 0
497.1493 0
497.2835 0
497.4841 0
497.8065 0
498.2023 0
498.4805 0
498.9367 0
499.1070 0
499.2807 0
499.3868 0
499.5499 0
499.6541 0
499.8086 0
499.9438 0
500.1462 0
500.3881 0
500.7342 0
500.8681 0
501.2160 0
501.3759 0
502.1620 0
502.9495 0
503.4888 0
504.3543 0
504.7864 0
504.9007 0
505.0633 0
505.4763 0
506.0733 0
507.0556 0
507.4021 0
509.2455 0
509.4649 0
509.5847 0
509.9573 0
510.3551 0
510.8126 0
511.1566 0
511.3542 0
512.6058 0
512.7209 0
512.8540 0
513.1645 0
513.6562 0
513.9928 0
514.3273 0
514.4347 0
514.7113 0
515.2343 0
515.4521 0
516.1789 0
516.2935 0
516.5521 0
516.6907 0
516.8953 0
517.1121 0
517.2178 0
517.5482 0
517.7025 0
517.9715 0
518.3731 0
519.1715 0
519.5227 0
519.7852 0
520.6860 0
520.9081 0
521.6639 0
521.9081 0
522.2149 0
522.4872 0
523.4962 0
524.2773 0
524.4263 0
524.8961 0
525.0977 0
525.3057 0
525.5808 0
525.8292 0
526.3093 0
526.5817 0
526.8616 0
527.3050 0
528.0666 0
528.3479 0
528.5210 0
528.6662 0
528.8064 0
528.9872 0
529.3808 0
529.6279 0
529.7285 0
530.1185 0
530.4029 0
530.6056 0
530.8724 0
531.1070 0
531.4223 0
531.5631 0
531.9253 0
532.0458 0
532.2225 0
532.6365 0
533.0165 0
533.2026 0
533.3610 0
533.5150 0
533.6640 0
533.8016 0
534.2496 0
534.7223 0
534.9509 0
535.1025 0
535.3599 0
535.6962 0
536.1444 0
536.7784 0
536.9147 0
537.2737 0
537.7464 0
538.0221 0
538.1350 0
538.3170 0
538.6761 0
538.9451 0
540.8151 0
541.0488 0
541.4381 0
541.7330 0
541.8932 0
542.0562 0
542.1606 0
542.4635 0
542.5765 0
542.8687 0
542.9878 0
543.2937 0
543.8854 0
543.9986 0
544.2662 0
544.3980 0
545.1216 0
545.6755 0
545.9356 0
546.1459 0
546.3341 0
546.7699 0
547.2344 0
547.8791 0
548.0848 0
548.1976 0
548.8352 0
549.2830 0
549.5911 0
549.8616 0
550.2949 0
551.3702 0
551.5900 0
552.2182 0
552.4624 0
552.6236 0
552.7486 0
552.8711 0
553.0519 0
553.9456 0
554.3236 0
554.6226 0
555.0191 0
555.3744 0
555.5190 0
555.9503 0
556.2018 0
556.6422 0
557.3741 0
557.8557 0
557.9771 0
558.1640 0
558.7562 0
559.4362 0
559.7340 0
560.5157 0
560.8747 0
561.3053 0
561.4532 0
561.6198 0
562.0712 0
562.3925 0
562.9242 0
563.2200 0
563.5958 0
563.8935 0
564.0319 0
564.1923 0
564.4135 0
564.5444 0
564.6918 0
565.0313 0
565.9308 0
566.8501 0
567.2734 0
567.4060 0
567.7301 0
567.9578 0
568.2350 0
568.5849 0
569.6549 0
569.8311 0
570.0418 0
570.1537 0
570.5366 0
570.8892 0
571.3191 0
571.7352 0
572.1841 0
572.3125 0
572.4311 0
572.9251 0
573.4133 0
573.5581 0
573.8179 0
573.9532 0
574.1390 0
574.4030 0
574.9015 0
575.0254 0
575.3461 0
575.4812 0
575.9508 0
576.0681 0
576.6394 0
576.7774 0
576.8979 0
577.5464 0
578.8412 0
579.2815 0
579.5036 0
579.8266 0
580.2654 0
580.8808 0
581.0430 0
581.1518 0
581.4218 0
581.5360 0
582.3443 0
582.5766 0
582.7473 0
583.0698 0
583.3270 0
583.4554 0
583.7483 0
584.4565 0
584.6419 0
584.7811 0
585.0019 0
585.2822 0
585.4487 0
585.8122 0
585.9299 0
586.3604 0
586.6032 0
586.8399 0
587.1437 0
587.2834 0
588.0670 0
588.2575 0
589.3024 0
589.6609 0
590.2779 0
590.3954 0
591.2292 0
591.3318 0
591.7405 0
591.9711 0
592.2067 0
592.3585 0
592.8515 0
592.9921 0
593.1335 0
593.6295 0
595.5963 0
595.7787 0
596.1705 0
596.3830 0
596.7758 0
596.9177 0
597.0505 0
597.6616 0
597.9804 0
598.4544 0
598.5724 0
598.8735 0
599.0645 0
599.4137 0
599.5920 0
599.8192 0
600.0974 0
600.2446 0
600.4564 0
600.7447 0
601.1009 0
601.9716 0
602.7817 0
603.2574 0
603.6197 0
603.8763 0
604.0169 0
604.2023 0
604.6129 0
604.7843 0
605.0050 0
605.5092 0
605.9983 0
606.1732 0
606.4511 0
607.0920 0
607.6180 0
607.7671 0
607.9515 0
608.1999 0
608.3819 0
608.5329 0
609.7465 0
609.9610 0
610.0948 0
610.2457 0
610.8069 0
611.1162 0
611.5690 0
611.6924 0
611.8997 0
612.1614 0
612.5690 0
612.8053 0
612.9866 0
613.2219 0
613.4268 0
614.1940 0
614.4509 0
614.7287 0
614.9709 0
615.0824 0
615.2046 0
615.5247 0
616.2563 0
616.3718 0
616.5133 0
617.1079 0
617.2808 0
617.3991 0
617.5853 0
618.0738 0
618.3867 0
618.8332 0
619.1012 0
619.2019 0
619.3285 0
619.5637 0
620.0915 0
620.3147 0
620.6833 0
620.8107 0
621.0106 0
621.3227 0
621.4626 0
622.4651 0
622.6289 0
622.7899 0
623.1419 0
623.3100 0
623.4952 0
623.7334 0
623.9367 0
624.5745 0
624.8224 0
625.1195 0
625.5272 0
625.8716 0
626.2121 0
626.5478 0
626.6559 0
626.7937 0
626.8956 0
627.0861 0
627.2874 0
627.6620 0
628.0989 0
628.5601 0
628.8140 0
628.9188 0
629.0477 0
629.2525 0
629.6767 0
629.9765 0
630.0811 0
630.7780 0
631.0595 0
631.7214 0
631.8303 0
632.4147 0
632.6540 0
633.0004 0
633.3924 0
633.5272 0
633.7285 0
634.1532 0
634.4629 0
634.6479 0
635.1385 0
635.4041 0
635.7233 0
635.8406 0
636.0643 0
636.4531 0
636.7174 0
637.4510 0
637.6548 0
637.9483 0
638.1127 0
638.3284 0
638.4474 0
638.5679 0
639.3052 0
639.6731 0
640.0028 0
640.3068 0
641.3932 0
641.5969 0
641.9008 0
642.0810 0
642.3032 0
642.6834 0
643.6316 0
643.7457 0
644.1631 0
644.7744 0
645.2306 0
645.5737 0
645.7920 0
646.1035 0
647.1116 0
647.3558 0
647.9765 0
648.1793 0
648.3433 0
648.6721 0
649.1094 0
649.5094 0
649.7061 0
649.8800 0
650.1090 0
650.2332 0
650.7101 0
650.8116 0
651.6765 0
651.8510 0
652.1520 0
652.4649 0
652.7748 0
652.8828 0
653.0032 0
653.5689 0
653.9124 0
654.0429 0
654.2373 0
654.4887 0
655.0870 0
655.2288 0
655.4914 0
655.6573 0
656.3637 0
656.5045 0
656.8527 0
657.1932 0
657.5791 0
658.0922 0
658.3812 0
658.5286 0
658.8586 0
659.0509 0
659.4126 0
659.5208 0
659.6689 0
659.8906 0
660.0450 0
660.2700 0
660.4719 0
660.9266 0
661.1493 0
661.3249 0
661.7055 0
662.6010 0
663.2198 0
663.9236 0
664.4442 0
664.8461 0
665.0432 0
665.2380 0
665.4537 0
665.8454 0
666.0870 0
666.2933 0
666.7027 0
666.9368 0
667.0403 0
667.3300 0
668.0708 0
668.3339 0
668.4464 0
668.6253 0
668.8717 0
669.0362 0
669.6347 0
669.8477 0
670.0719 0
670.5384 0
671.5148 0
671.7570 0
672.1664 0
672.7263 0
673.1616 0
673.2829 0
673.6818 0
674.2119 0
674.4934 0
674.7050 0
675.2160 0
675.3208 0
675.6998 0
676.5168 0
677.0826 0
677.2144 0
677.8627 0
678.0557 0
678.1833 0
678.4146 0
678.6116 0
678.9474 0
679.0678 0
679.2793 0
679.5455 0
680.3590 0
680.8531 0
681.4224 0
681.5628 0
681.6894 0
682.0429 0
682.4647 0
682.6550 0
683.0725 0
683.7978 0
684.4368 0
684.6616 0
685.0838 0
685.2395 0
685.6262 0
686.1428 0
686.3567 0
686.6099 0
687.4729 0
688.2398 0
688.5249 0
688.7780 0
689.1189 0
689.2279 0
689.4191 0
689.6219 0
689.8011 0
690.0761 0
690.2860 0
690.5357 0
690.6743 0
690.9804 0
691.0959 0
691.2134 0
691.4862 0
691.7438 0
691.9804 0
692.0944 0
692.3155 0
692.6165 0
692.8383 0
692.9877 0
693.3071 0
693.7669 0
694.1882 0
694.4142 0
695.0108 0
695.6523 0
695.9145 0
696.0627 0
696.2646 0
696.5437 0
696.8360 0
697.2861 0
697.4421 0
697.7787 0
698.1053 0
698.2437 0
698.4314 0
698.5681 0
698.6782 0
699.0178 0
699.3564 0
699.6080 0
699.8721 0
700.3666 0
701.7367 0
701.9957 0
702.5016 0
703.0477 0
703.1863 0
703.6401 0
703.8298 0
704.6064 0
704.8396 0
705.1666 0
705.7034 0
705.9796 0
706.1344 0
706.5849 0
706.7706 0
707.6979 0
707.8928 0
708.0666 0
708.5931 0
708.8720 0
709.3128 0
709.4783 0
709.9020 0
710.1727 0
710.3540 0
710.6643 0
710.8726 0
711.0310 0
711.6203 0
711.9377 0
712.1629 0
712.3063 0
712.8367 0
713.4248 0
713.7873 0
713.9135 0
714.0661 0
714.5703 0
715.2956 0
716.0051 0
717.4018 0
717.8507 0
718.3464 0
718.6724 0
718.8394 0
719.0339 0
719.5827 0
719.7191 0
719.8557 0
720.8268 0
720.9311 0
721.1372 0
721.3490 0
721.6125 0
721.7599 0
721.8786 0
722.0487 0
722.2533 0
722.7050 0
722.9741 0
723.4720 0
723.8962 0
724.8086 0
725.1636 0
725.5782 0
726.0237 0
726.1667 0
726.2745 0
726.4833 0
726.8451 0
727.0756 0
727.5839 0
727.7225 0
727.9279 0
728.0283 0
728.2665 0
728.3773 0
728.5236 0
728.7712 0
728.9290 0
729.4719 0
729.8512 0
730.0315 0
730.1644 0
730.3340 0
730.6596 0
730.9048 0
731.0824 0
731.5879 0
732.0292 0
732.3760 0
733.4298 0
733.5668 0
733.6673 0
733.7687 0
734.0945 0
734.3791 0
734.7103 0
735.1718 0
736.0235 0
736.1747 0
736.4918 0
736.6418 0
736.7761 0
737.0183 0
737.4139 0
737.5433 0
737.8343 0
738.3259 0
738.4351 0
738.6242 0
738.7605 0
739.0239 0
739.1255 0
739.6077 0
739.8961 0
740.1340 0
740.2549 0
740.6593 0
740.9053 0
741.0387 0
741.6601 0
742.0190 0
742.1326 0
742.2511 0
742.8006 0
743.9870 0
744.2644 0
744.5029 0
745.4524 0
745.5676 0
745.7777 0
745.9198 0
746.0409 0
746.3450 0
746.6462 0
746.9095 0
747.4814 0
747.7672 0
748.0103 0
748.1282 0
749.0853 0
749.2391 0
749.5729 0
749.8453 0
750.4762 0
750.8614 0
751.0541 0
751.2106 0
751.6311 0
752.3996 0
752.9284 0
753.1848 0
753.6016 0
754.0715 0
754.2872 0
754.4681 0
754.8654 0
755.0045 0
755.4915 0
755.9906 0
756.1823 0
756.6413 0
757.0426 0
757.4706 0
757.6599 0
758.1724 0
758.4189 0
758.8071 0
758.9837 0
759.7728 0
759.9119 0
760.2083 0
760.5421 0
760.6998 0
761.3747 0
761.6796 0
761.8747 0
762.2183 0
763.1883 0
763.5736 0
763.6973 0
764.0249 0
764.2140 0
764.3234 0
764.6167 0
764.7402 0
765.0934 0
765.2456 0
765.7130 0
765.8865 0
766.2530 0
766.5324 0
766.6956 0
767.1108 0
767.7569 0
768.0107 0
768.2060 0
768.5028 0
768.6586 0
769.0719 0
769.8050 0
770.0084 0
770.3089 0
771.5664 0
772.1858 0
772.8618 0
772.9998 0
773.1476 0
773.4712 0
773.9030 0
774.4181 0
774.8055 0
774.9494 0
775.0673 0
775.2356 0
775.5059 0
775.9487 0
776.2091 0
776.7092 0
776.8310 0
777.1777 0
777.9541 0
778.9955 0
779.2317 0
779.4284 0
779.5649 0
779.7392 0
779.9487 0
780.3358 0
780.6888 0
780.9289 0
781.6665 0
781.8341 0
782.0361 0
782.4133 0
782.5416 0
782.7931 0
783.1782 0
783.3311 0
783.5792 0
783.7289 0
784.1127 0
784.5076 0
784.8763 0
785.0636 0
785.3520 0
785.4553 0
786.0157 0
786.2698 0
786.3942 0
786.6862 0
786.9232 0
787.2629 0
787.4144 0
787.7799 0
787.9531 0
788.2498 0
788.7448 0
789.3615 0
789.5730 0
789.8591 0
790.8571 0
790.9635 0
791.0647 0
791.2253 0
791.5481 0
791.6732 0
792.2076 0
792.5498 0
792.8705 0
792.9771 0
793.5180 0
793.6720 0
793.7978 0
794.5761 0
795.0436 0
795.3463 0
795.6122 0
796.0829 0
796.2157 0
796.3220 0
796.5321 0
796.6746 0
796.9198 0
797.0356 0
797.7050 0
798.0470 0
798.2317 0
798.5223 0
798.9026 0
799.5939 0
800.3163 0
800.7187 0
800.8730 0
801.1637 0
801.3417 0
801.5320 0
801.8167 0
802.2032 0
802.4166 0
802.5270 0
802.9582 0
803.0788 0
803.2642 0
803.3722 0
803.5085 0
804.1711 0
804.4314 0
804.5587 0
804.8074 0
804.9339 0
805.1088 0
806.2072 0
806.5935 0
806.7007 0
806.9001 0
807.0990 0
807.3090 0
807.6048 0
808.1135 0
808.2562 0
809.3036 0
809.4688 0
809.5737 0
810.4391 0
811.0044 0
811.1457 0
811.2937 0
811.4505 0
811.5826 0
812.3679 0
812.6614 0
813.6204 0
813.9797 0
814.7755 0
815.2227 0
815.8848 0
816.0823 0
816.2870 0
816.6484 0
816.8505 0
817.0491 0
817.2705 0
818.0398 0
818.3523 0
819.2201 0
819.6335 0
819.7543 0
820.1724 0
820.3661 0
820.6503 0
820.8391 0
821.3320 0
821.6702 0
822.1897 0
822.3126 0
822.6429 0
823.2055 0
823.5343 0
824.3151 0
824.5853 0
824.6986 0
824.8167 0
825.2288 0
825.5339 0
825.9547 0
826.3808 0
826.5371 0
826.7601 0
827.0176 0
827.8263 0
828.1785 0
828.6281 0
828.8629 0
829.1091 0
829.4154 0
829.8373 0
830.2596 0
830.6375 0
830.8005 0
831.3020 0
831.4735 0
831.7219 0
831.9383 0
832.2692 0
832.9800 0
833.1291 0
833.9491 0
834.0512 0
834.1603 0
834.2757 0
834.3961 0
834.6373 0
835.0208 0
835.1371 0
835.4058 0
835.7995 0
835.9326 0
836.1508 0
836.2931 0
836.4978 0
837.0375 0
837.2403 0
837.4692 0
837.6779 0
837.9384 0
838.4982 0
838.6431 0
838.8193 0
839.1375 0
839.3490 0
839.8555 0
840.1615 0
840.9186 0
841.0979 0
841.2160 0
841.5738 0
841.7214 0
842.0208 0
842.4306 0
842.5798 0
842.7611 0
843.0093 0
843.1866 0
843.5319 0
843.8823 0
844.0119 0
844.3134 0
844.5932 0
844.8161 0
845.0212 0
845.1434 0
845.2804 0
845.4308 0
845.7153 0
845.8525 0
845.9619 0
846.0833 0
846.2574 0
846.3713 0
846.6163 0
847.1993 0
847.6365 0
847.7752 0
847.9694 0
848.2985 0
848.6150 0
849.5799 0
849.8838 0
850.1371 0
850.5728 0
850.7468 0
852.2351 0
852.5265 0
852.9345 0
853.5573 0
853.9576 0
854.5821 0
854.7111 0
854.8564 0
855.0215 0
855.5508 0
855.9115 0
856.3270 0
856.5392 0
856.9244 0
857.1090 0
857.5821 0
857.9105 0
858.0656 0
859.0270 0
859.1468 0
859.3213 0
859.5554 0
859.7555 0
860.0633 0
860.6338 0
860.8608 0
861.0645 0
861.2427 0
861.3862 0
861.7251 0
861.9088 0
862.4194 0
862.5284 0
862.6838 0
862.8270 0
863.2818 0
863.6774 0
863.8796 0
864.0642 0
864.2201 0
864.5315 0
864.8780 0
865.6056 0
865.7180 0
865.8389 0
866.3617 0
866.7181 0
866.9704 0
867.5382 0
868.0018 0
868.2502 0
868.6164 0
868.7428 0
869.2921 0
869.5690 0
869.7164 0
870.2306 0
870.4131 0
870.7880 0
870.9477 0
871.3390 0
871.5454 0
871.6746 0
872.0176 0
872.6571 0
873.0819 0
873.2853 0
873.5213 0
873.7523 0
874.3238 0
874.4522 0
874.5801 0
876.2132 0
876.6208 0
876.8160 0
877.0832 0
877.1904 0
877.3049 0
878.0160 0
878.1726 0
878.3924 0
878.8462 0
879.0288 0
879.3688 0
879.5328 0
879.7584 0
880.0763 0
880.6218 0
881.0340 0
881.2107 0
881.3857 0
881.5957 0
881.7969 0
882.1063 0
882.3564 0
882.4695 0
882.6357 0
883.0236 0
883.2140 0
883.5465 0
883.6803 0
883.7814 0
884.0219 0
884.5325 0
884.6329 0
884.9036 0
885.1316 0
885.2741 0
885.8747 0
886.6543 0
887.2100 0
887.6373 0
888.2234 0
888.3467 0
888.6931 0
888.8733 0
889.0630 0
889.4831 0
889.7223 0
890.0434 0
890.2565 0
890.6461 0
890.7501 0
891.3236 0
891.4399 0
891.6087 0
891.8424 0
892.2473 0
892.9795 0
893.2706 0
893.7010 0
893.8979 0
894.0511 0
894.5584 0
894.7513 0
894.9438 0
895.0928 0
895.2051 0
895.4749 0
895.7558 0
895.9439 0
896.0593 0
896.2460 0
896.4491 0
896.5785 0
897.3354 0
897.4644 0
897.5725 0
898.2382 0
898.5755 0
899.3093 0
899.6498 0
900.4214 0
900.7531 0
900.9087 0
901.1526 0
901.6084 0
901.7623 0
902.4603 0
902.8043 0
902.9139 0
903.0920 0
903.2177 0
903.7067 0
903.9527 0
904.2029 0
904.5796 0
905.4088 0
906.3790 0
906.6477 0
906.7825 0
906.9740 0
907.8744 0
908.6787 0
908.9614 0
909.1862 0
910.0060 0
910.6319 0
910.7810 0
911.1115 0
911.3320 0
911.7845 0
912.0364 0
912.4936 0
913.0721 0
913.6499 0
913.8241 0
914.0357 0
914.1796 0
914.5236 0
915.2519 0
915.4611 0
915.5645 0
915.6792 0
916.3039 0
916.6342 0
916.7553 0
916.9423 0
917.1180 0
917.2454 0
917.9407 0
918.2187 0
918.8674 0
919.7886 0
919.9545 0
920.3249 0
920.6318 0
920.7352 0
920.9729 0
921.1373 0
921.7819 0
921.9271 0
922.3689 0
922.5412 0
922.9397 0
923.2212 0
923.3645 0
923.6282 0
923.9824 0
924.5925 0
924.7942 0
924.9765 0
925.1727 0
925.2917 0
925.3957 0
925.7902 0
927.1167 0
927.8953 0
928.5084 0
929.0290 0
929.2552 0
929.6211 0
930.1200 0
930.3108 0
930.6533 0
931.1815 0
931.4306 0
932.1177 0
932.3846 0
932.8543 0
933.0797 0
933.3361 0
933.6763 0
934.5551 0
934.7850 0
934.8989 0
935.3487 0
935.5127 0
935.7675 0
936.1511 0
936.2761 0
936.4165 0
937.1551 0
937.5100 0
937.6903 0
937.8468 0
938.1778 0
938.6879 0
938.9390 0
939.0883 0
939.2044 0
939.3846 0
940.3730 0
940.8687 0
941.3582 0
941.6179 0
941.7313 0
942.0395 0
942.7673 0
942.9636 0
943.7158 0
943.8531 0
944.4994 0
945.7087 0
945.8930 0
946.4055 0
946.6669 0
946.7834 0
946.8847 0
947.0756 0
947.7297 0
948.2601 0
948.6474 0
948.7483 0
948.9151 0
949.0857 0
949.6060 0
949.7917 0
950.1043 0
950.2446 0
950.5552 0
951.1274 0
951.8076 0
951.9356 0
952.5497 0
952.6652 0
952.9497 0
953.0852 0
953.7396 0
954.3950 0
954.8193 0
955.0613 0
955.1688 0
955.4702 0
955.7352 0
955.8709 0
956.0263 0
956.3208 0
956.4533 0
956.5931 0
956.9453 0
957.1456 0
957.2487 0
957.4469 0
958.0404 0
958.2680 0
958.5832 0
958.9352 0
959.9839 0
960.7241 0
961.1144 0
961.2671 0
961.3859 0
961.4933 0
961.7681 0
962.3839 0
962.6402 0
962.7561 0
963.8096 0
964.0812 0
964.2130 0
964.4307 0
964.5370 0
964.6973 0
965.2762 0
965.8260 0
966.5911 0
967.2161 0
967.5358 0
967.9228 0
968.4484 0
968.6172 0
969.3144 0
969.4226 0
969.6577 0
970.0364 0
970.1909 0
970.4868 0
970.9791 0
971.1387 0
971.2392 0
971.3701 0
971.4830 0
971.6027 0
971.7885 0
972.0466 0
972.9113 0
973.0417 0
973.2808 0
973.9689 0
974.5586 0
975.2350 0
975.8174 0
975.9813 0
976.1381 0
976.5566 0
977.0054 0
977.3105 0
977.4204 0
977.7297 0
978.0584 0
978.6105 0
979.1874 0
979.7041 0
980.3298 0
980.4654 0
980.6095 0
980.7907 0
980.9205 0
981.2011 0
981.3481 0
981.5220 0
981.7390 0
982.1365 0
982.2475 0
982.8949 0
983.3623 0
983.6088 0
984.2112 0
984.4349 0
984.6000 0
985.2973 0
985.5749 0
985.9062 0
986.2823 0
986.5291 0
986.9690 0
987.1612 0
987.5786 0
988.0945 0
988.3118 0
988.4437 0
988.5479 0
988.7679 0
988.9403 0
989.7258 0
990.0554 0
990.2983 0
990.6518 0
991.0283 0
991.3635 0
991.5689 0
991.7546 0
992.0814 0
992.6532 0
992.8240 0
992.9369 0
993.3323 0
993.4626 0
993.8573 0
994.1187 0
994.2959 0
994.6868 0
994.8480 0
995.2735 0
995.9721 0
996.3200 0
997.1261 0
997.3436 0
997.6108 0
997.7880 0
998.3847 0
998.5961 0
998.7229 0
999.2213 0
999.5482 0