0.000000000000000000e+00 1.418000000000000000e+03
0.000000000000000000e+00 1.646000000000000000e+03
1.000000000000000048e-04 3.495000000000000000e+03
2.000000000000000096e-04 2.264000000000000000e+03
2.000000000000000096e-04 1.260000000000000000e+02
2.000000000000000096e-04 2.922000000000000000e+03
2.000000000000000096e-04 2.217000000000000000e+03
2.999999999999999737e-04 2.430000000000000000e+03
2.999999999999999737e-04 2.274000000000000000e+03
4.000000000000000192e-04 1.375000000000000000e+03
4.000000000000000192e-04 2.176000000000000000e+03
4.000000000000000192e-04 2.397000000000000000e+03
5.999999999999999474e-04 3.208000000000000000e+03
5.999999999999999474e-04 3.617000000000000000e+03
5.999999999999999474e-04 1.539000000000000000e+03
5.999999999999999474e-04 3.429000000000000000e+03
6.999999999999999929e-04 2.778000000000000000e+03
8.000000000000000383e-04 3.145000000000000000e+03
8.999999999999999754e-04 1.713000000000000000e+03
1.000000000000000021e-03 1.350000000000000000e+03
1.000000000000000021e-03 1.544000000000000000e+03
1.000000000000000021e-03 1.698000000000000000e+03
1.100000000000000066e-03 1.508000000000000000e+03
1.100000000000000066e-03 2.199000000000000000e+03
1.100000000000000066e-03 2.082000000000000000e+03
1.100000000000000066e-03 3.904000000000000000e+03
1.299999999999999940e-03 2.532000000000000000e+03
1.299999999999999940e-03 2.253000000000000000e+03
1.299999999999999940e-03 1.510000000000000000e+03
1.399999999999999986e-03 1.165000000000000000e+03
1.500000000000000031e-03 1.743000000000000000e+03
1.500000000000000031e-03 3.560000000000000000e+02
1.500000000000000031e-03 1.107000000000000000e+03
1.500000000000000031e-03 1.808000000000000000e+03
1.500000000000000031e-03 2.384000000000000000e+03
1.600000000000000077e-03 2.373000000000000000e+03
1.600000000000000077e-03 3.045000000000000000e+03
1.699999999999999905e-03 2.134000000000000000e+03
1.899999999999999996e-03 2.960000000000000000e+03
1.899999999999999996e-03 1.425000000000000000e+03
1.899999999999999996e-03 2.366000000000000000e+03
2.000000000000000042e-03 4.110000000000000000e+02
2.000000000000000042e-03 6.350000000000000000e+02
2.000000000000000042e-03 1.500000000000000000e+01
2.000000000000000042e-03 1.886000000000000000e+03
2.000000000000000042e-03 1.985000000000000000e+03
2.000000000000000042e-03 2.997000000000000000e+03
2.099999999999999870e-03 4.020000000000000000e+03
2.099999999999999870e-03 3.344000000000000000e+03
2.200000000000000133e-03 7.430000000000000000e+02
2.200000000000000133e-03 2.302000000000000000e+03
2.200000000000000133e-03 1.595000000000000000e+03
2.299999999999999961e-03 1.822000000000000000e+03
2.299999999999999961e-03 2.141000000000000000e+03
2.399999999999999790e-03 2.418000000000000000e+03
2.399999999999999790e-03 3.643000000000000000e+03
2.399999999999999790e-03 2.569000000000000000e+03
2.399999999999999790e-03 2.136000000000000000e+03
2.599999999999999881e-03 1.212000000000000000e+03
2.599999999999999881e-03 2.901000000000000000e+03
2.599999999999999881e-03 3.527000000000000000e+03
2.700000000000000143e-03 1.320000000000000000e+02
2.799999999999999972e-03 2.120000000000000000e+02
2.899999999999999800e-03 1.521000000000000000e+03
2.899999999999999800e-03 3.930000000000000000e+02
3.000000000000000062e-03 2.421000000000000000e+03
3.000000000000000062e-03 4.690000000000000000e+02
3.099999999999999891e-03 1.926000000000000000e+03
3.099999999999999891e-03 3.216000000000000000e+03
3.099999999999999891e-03 2.568000000000000000e+03
3.099999999999999891e-03 2.800000000000000000e+02
3.299999999999999982e-03 1.330000000000000000e+03
3.299999999999999982e-03 3.536000000000000000e+03
3.299999999999999982e-03 1.372000000000000000e+03
3.299999999999999982e-03 2.424000000000000000e+03
3.399999999999999811e-03 1.828000000000000000e+03
3.500000000000000073e-03 3.894000000000000000e+03
3.500000000000000073e-03 9.270000000000000000e+02
3.700000000000000164e-03 3.223000000000000000e+03
3.700000000000000164e-03 3.000000000000000000e+01
3.799999999999999992e-03 3.787000000000000000e+03
3.899999999999999821e-03 9.360000000000000000e+02
4.100000000000000346e-03 3.515000000000000000e+03
4.100000000000000346e-03 1.277000000000000000e+03
4.199999999999999740e-03 3.403000000000000000e+03
4.199999999999999740e-03 1.311000000000000000e+03
4.199999999999999740e-03 1.023000000000000000e+03
4.199999999999999740e-03 3.621000000000000000e+03
4.199999999999999740e-03 3.577000000000000000e+03
4.300000000000000003e-03 3.659000000000000000e+03
4.300000000000000003e-03 2.841000000000000000e+03
4.400000000000000265e-03 5.690000000000000000e+02
4.599999999999999922e-03 1.306000000000000000e+03
4.599999999999999922e-03 1.936000000000000000e+03
4.700000000000000185e-03 1.877000000000000000e+03
4.799999999999999580e-03 3.403000000000000000e+03
4.899999999999999842e-03 3.489000000000000000e+03
5.000000000000000104e-03 1.033000000000000000e+03
5.000000000000000104e-03 2.525000000000000000e+03
5.100000000000000366e-03 1.650000000000000000e+02
5.199999999999999761e-03 1.333000000000000000e+03
5.199999999999999761e-03 3.360000000000000000e+02
5.199999999999999761e-03 2.497000000000000000e+03
5.199999999999999761e-03 3.601000000000000000e+03
5.300000000000000024e-03 2.555000000000000000e+03
5.300000000000000024e-03 2.517000000000000000e+03
5.400000000000000286e-03 1.108000000000000000e+03
5.400000000000000286e-03 1.637000000000000000e+03
5.400000000000000286e-03 3.661000000000000000e+03
5.499999999999999681e-03 3.224000000000000000e+03
5.499999999999999681e-03 2.688000000000000000e+03
5.499999999999999681e-03 3.141000000000000000e+03
5.599999999999999943e-03 3.900000000000000000e+02
5.700000000000000205e-03 1.552000000000000000e+03
5.700000000000000205e-03 1.379000000000000000e+03
5.799999999999999600e-03 3.838000000000000000e+03
5.799999999999999600e-03 3.740000000000000000e+02
5.799999999999999600e-03 1.335000000000000000e+03
5.899999999999999863e-03 1.424000000000000000e+03
6.000000000000000125e-03 2.165000000000000000e+03
6.000000000000000125e-03 2.528000000000000000e+03
6.000000000000000125e-03 4.310000000000000000e+02
6.100000000000000387e-03 1.465000000000000000e+03
6.100000000000000387e-03 3.003000000000000000e+03
6.100000000000000387e-03 2.080000000000000000e+02
6.300000000000000044e-03 3.725000000000000000e+03
6.300000000000000044e-03 9.600000000000000000e+02
6.300000000000000044e-03 1.544000000000000000e+03
6.400000000000000307e-03 1.230000000000000000e+02
6.400000000000000307e-03 2.120000000000000000e+02
6.499999999999999702e-03 5.710000000000000000e+02
6.499999999999999702e-03 3.478000000000000000e+03
6.499999999999999702e-03 2.338000000000000000e+03
6.499999999999999702e-03 2.042000000000000000e+03
6.499999999999999702e-03 2.014000000000000000e+03
6.599999999999999964e-03 1.412000000000000000e+03
6.599999999999999964e-03 3.500000000000000000e+01
6.599999999999999964e-03 3.867000000000000000e+03
6.700000000000000226e-03 1.654000000000000000e+03
6.799999999999999621e-03 7.360000000000000000e+02
6.799999999999999621e-03 2.595000000000000000e+03
6.799999999999999621e-03 3.187000000000000000e+03
6.899999999999999883e-03 5.570000000000000000e+02
6.899999999999999883e-03 2.748000000000000000e+03
7.000000000000000146e-03 3.260000000000000000e+02
7.000000000000000146e-03 8.010000000000000000e+02
7.000000000000000146e-03 3.943000000000000000e+03
7.000000000000000146e-03 6.450000000000000000e+02
7.100000000000000408e-03 3.660000000000000000e+03
7.100000000000000408e-03 3.657000000000000000e+03
7.100000000000000408e-03 2.525000000000000000e+03
7.100000000000000408e-03 1.432000000000000000e+03
7.199999999999999803e-03 1.047000000000000000e+03
7.199999999999999803e-03 2.415000000000000000e+03
7.300000000000000065e-03 1.699000000000000000e+03
7.300000000000000065e-03 3.728000000000000000e+03
7.300000000000000065e-03 3.472000000000000000e+03
7.400000000000000328e-03 1.244000000000000000e+03
7.400000000000000328e-03 1.819000000000000000e+03
7.400000000000000328e-03 9.440000000000000000e+02
7.499999999999999722e-03 2.690000000000000000e+03
7.499999999999999722e-03 1.669000000000000000e+03
7.599999999999999985e-03 2.164000000000000000e+03
7.700000000000000247e-03 2.950000000000000000e+03
7.700000000000000247e-03 1.174000000000000000e+03
7.799999999999999642e-03 3.024000000000000000e+03
7.799999999999999642e-03 3.872000000000000000e+03
7.799999999999999642e-03 3.124000000000000000e+03
7.799999999999999642e-03 4.380000000000000000e+02
7.900000000000000772e-03 1.694000000000000000e+03
7.900000000000000772e-03 1.830000000000000000e+03
8.000000000000000167e-03 3.401000000000000000e+03
8.000000000000000167e-03 6.880000000000000000e+02
8.000000000000000167e-03 2.580000000000000000e+03
8.099999999999999561e-03 3.050000000000000000e+02
8.099999999999999561e-03 1.180000000000000000e+03
8.099999999999999561e-03 3.511000000000000000e+03
8.099999999999999561e-03 6.400000000000000000e+01
8.099999999999999561e-03 1.968000000000000000e+03
8.200000000000000691e-03 2.530000000000000000e+02
8.200000000000000691e-03 7.690000000000000000e+02
8.399999999999999481e-03 2.023000000000000000e+03
8.399999999999999481e-03 1.263000000000000000e+03
8.500000000000000611e-03 2.066000000000000000e+03
8.500000000000000611e-03 3.814000000000000000e+03
8.500000000000000611e-03 2.695000000000000000e+03
8.600000000000000006e-03 7.960000000000000000e+02
8.600000000000000006e-03 1.838000000000000000e+03
8.699999999999999400e-03 1.970000000000000000e+02
8.800000000000000530e-03 1.362000000000000000e+03
8.800000000000000530e-03 5.990000000000000000e+02
8.899999999999999925e-03 2.036000000000000000e+03
8.899999999999999925e-03 3.352000000000000000e+03
8.899999999999999925e-03 3.741000000000000000e+03
8.899999999999999925e-03 3.532000000000000000e+03
8.899999999999999925e-03 3.920000000000000000e+02
8.999999999999999320e-03 3.032000000000000000e+03
9.100000000000000450e-03 2.568000000000000000e+03
9.100000000000000450e-03 1.431000000000000000e+03
9.199999999999999845e-03 1.880000000000000000e+03
9.299999999999999239e-03 2.731000000000000000e+03
9.299999999999999239e-03 2.079000000000000000e+03
9.400000000000000369e-03 2.700000000000000000e+01
9.400000000000000369e-03 3.470000000000000000e+03
9.599999999999999159e-03 1.531000000000000000e+03
9.599999999999999159e-03 3.709000000000000000e+03
9.599999999999999159e-03 2.730000000000000000e+03
9.700000000000000289e-03 1.942000000000000000e+03
9.700000000000000289e-03 8.540000000000000000e+02
9.700000000000000289e-03 2.937000000000000000e+03
9.799999999999999684e-03 1.611000000000000000e+03
9.900000000000000813e-03 1.287000000000000000e+03
9.900000000000000813e-03 9.450000000000000000e+02
9.900000000000000813e-03 5.570000000000000000e+02
1.000000000000000021e-02 8.650000000000000000e+02
1.000000000000000021e-02 3.716000000000000000e+03
1.000000000000000021e-02 1.731000000000000000e+03
1.009999999999999960e-02 3.633000000000000000e+03
1.020000000000000073e-02 2.559000000000000000e+03
1.030000000000000013e-02 1.729000000000000000e+03
1.039999999999999952e-02 2.964000000000000000e+03
1.039999999999999952e-02 1.226000000000000000e+03
1.039999999999999952e-02 2.387000000000000000e+03
1.050000000000000065e-02 6.160000000000000000e+02
1.050000000000000065e-02 2.001000000000000000e+03
1.050000000000000065e-02 2.263000000000000000e+03
1.050000000000000065e-02 1.242000000000000000e+03
1.050000000000000065e-02 1.491000000000000000e+03
1.060000000000000005e-02 3.833000000000000000e+03
1.069999999999999944e-02 3.134000000000000000e+03
1.069999999999999944e-02 2.390000000000000000e+03
1.069999999999999944e-02 1.150000000000000000e+03
1.069999999999999944e-02 1.930000000000000000e+03
1.080000000000000057e-02 3.639000000000000000e+03
1.080000000000000057e-02 4.009000000000000000e+03
1.080000000000000057e-02 2.584000000000000000e+03
1.080000000000000057e-02 5.440000000000000000e+02
1.080000000000000057e-02 4.050000000000000000e+03
1.089999999999999997e-02 4.038000000000000000e+03
1.089999999999999997e-02 1.082000000000000000e+03
1.099999999999999936e-02 2.371000000000000000e+03
1.099999999999999936e-02 1.685000000000000000e+03
1.099999999999999936e-02 1.652000000000000000e+03
1.119999999999999989e-02 2.703000000000000000e+03
1.119999999999999989e-02 5.010000000000000000e+02
1.129999999999999928e-02 3.183000000000000000e+03
1.129999999999999928e-02 6.830000000000000000e+02
1.129999999999999928e-02 1.823000000000000000e+03
1.129999999999999928e-02 3.776000000000000000e+03
1.129999999999999928e-02 3.002000000000000000e+03
1.140000000000000041e-02 3.830000000000000000e+02
1.140000000000000041e-02 1.030000000000000000e+03
1.149999999999999981e-02 2.144000000000000000e+03
1.159999999999999920e-02 2.810000000000000000e+03
1.170000000000000033e-02 4.033000000000000000e+03
1.179999999999999973e-02 1.369000000000000000e+03
1.179999999999999973e-02 1.517000000000000000e+03
1.190000000000000085e-02 1.608000000000000000e+03
1.190000000000000085e-02 1.952000000000000000e+03
1.200000000000000025e-02 2.126000000000000000e+03
1.200000000000000025e-02 1.162000000000000000e+03
1.200000000000000025e-02 3.376000000000000000e+03
1.209999999999999964e-02 4.048000000000000000e+03
1.209999999999999964e-02 1.980000000000000000e+03
1.220000000000000077e-02 3.665000000000000000e+03
1.220000000000000077e-02 3.168000000000000000e+03
1.230000000000000017e-02 3.770000000000000000e+02
1.230000000000000017e-02 2.244000000000000000e+03
1.230000000000000017e-02 4.020000000000000000e+02
1.239999999999999956e-02 1.256000000000000000e+03
1.239999999999999956e-02 3.219000000000000000e+03
1.239999999999999956e-02 2.390000000000000000e+02
1.260000000000000009e-02 1.675000000000000000e+03
1.260000000000000009e-02 2.981000000000000000e+03
1.269999999999999948e-02 1.816000000000000000e+03
1.269999999999999948e-02 6.530000000000000000e+02
1.280000000000000061e-02 9.710000000000000000e+02
1.280000000000000061e-02 2.605000000000000000e+03
1.280000000000000061e-02 3.554000000000000000e+03
1.290000000000000001e-02 2.382000000000000000e+03
1.290000000000000001e-02 3.539000000000000000e+03
1.299999999999999940e-02 2.222000000000000000e+03
1.319999999999999993e-02 3.936000000000000000e+03
1.329999999999999932e-02 5.110000000000000000e+02
1.349999999999999985e-02 3.050000000000000000e+03
1.359999999999999924e-02 8.000000000000000000e+01
1.370000000000000037e-02 3.478000000000000000e+03
1.379999999999999977e-02 9.300000000000000000e+02
1.379999999999999977e-02 3.243000000000000000e+03
1.379999999999999977e-02 9.530000000000000000e+02
1.389999999999999916e-02 1.900000000000000000e+01
1.400000000000000029e-02 3.512000000000000000e+03
1.400000000000000029e-02 3.670000000000000000e+02
1.409999999999999969e-02 8.820000000000000000e+02
1.420000000000000082e-02 1.983000000000000000e+03
1.430000000000000021e-02 1.111000000000000000e+03
1.430000000000000021e-02 4.047000000000000000e+03
1.430000000000000021e-02 3.234000000000000000e+03
1.430000000000000021e-02 1.142000000000000000e+03
1.439999999999999961e-02 3.471000000000000000e+03
1.439999999999999961e-02 3.165000000000000000e+03
1.439999999999999961e-02 3.317000000000000000e+03
1.450000000000000074e-02 6.860000000000000000e+02
1.460000000000000013e-02 2.132000000000000000e+03
1.460000000000000013e-02 1.362000000000000000e+03
1.469999999999999953e-02 1.122000000000000000e+03
1.480000000000000066e-02 2.322000000000000000e+03
1.490000000000000005e-02 1.137000000000000000e+03
1.490000000000000005e-02 1.551000000000000000e+03
1.499999999999999944e-02 3.934000000000000000e+03
1.510000000000000057e-02 1.677000000000000000e+03
1.510000000000000057e-02 2.444000000000000000e+03
1.519999999999999997e-02 2.951000000000000000e+03
1.529999999999999936e-02 3.777000000000000000e+03
1.529999999999999936e-02 3.480000000000000000e+03
1.540000000000000049e-02 2.353000000000000000e+03
1.540000000000000049e-02 1.350000000000000000e+03
1.540000000000000049e-02 7.350000000000000000e+02
1.549999999999999989e-02 2.825000000000000000e+03
1.559999999999999928e-02 1.825000000000000000e+03
1.559999999999999928e-02 1.812000000000000000e+03
1.559999999999999928e-02 2.705000000000000000e+03
1.559999999999999928e-02 8.940000000000000000e+02
1.569999999999999868e-02 9.410000000000000000e+02
1.569999999999999868e-02 3.970000000000000000e+02
1.569999999999999868e-02 3.056000000000000000e+03
1.580000000000000154e-02 1.809000000000000000e+03
1.590000000000000094e-02 2.344000000000000000e+03
1.590000000000000094e-02 1.694000000000000000e+03
1.600000000000000033e-02 3.829000000000000000e+03
1.609999999999999973e-02 1.566000000000000000e+03
1.619999999999999912e-02 9.640000000000000000e+02
1.619999999999999912e-02 3.059000000000000000e+03
1.619999999999999912e-02 2.467000000000000000e+03
1.629999999999999852e-02 1.607000000000000000e+03
1.629999999999999852e-02 2.840000000000000000e+02
1.629999999999999852e-02 8.380000000000000000e+02
1.650000000000000078e-02 2.291000000000000000e+03
1.650000000000000078e-02 2.530000000000000000e+02
1.660000000000000017e-02 3.481000000000000000e+03
1.669999999999999957e-02 2.120000000000000000e+03
1.669999999999999957e-02 2.786000000000000000e+03
1.669999999999999957e-02 3.800000000000000000e+01
1.679999999999999896e-02 1.633000000000000000e+03
1.679999999999999896e-02 9.930000000000000000e+02
1.689999999999999836e-02 9.920000000000000000e+02
1.700000000000000122e-02 6.490000000000000000e+02
1.700000000000000122e-02 8.310000000000000000e+02
1.710000000000000062e-02 3.538000000000000000e+03
1.720000000000000001e-02 9.000000000000000000e+00
1.720000000000000001e-02 8.320000000000000000e+02
1.729999999999999941e-02 8.800000000000000000e+02
1.739999999999999880e-02 3.772000000000000000e+03
1.750000000000000167e-02 3.488000000000000000e+03
1.760000000000000106e-02 3.700000000000000000e+03
1.770000000000000046e-02 1.924000000000000000e+03
1.770000000000000046e-02 1.056000000000000000e+03
1.770000000000000046e-02 9.840000000000000000e+02
1.770000000000000046e-02 4.030000000000000000e+02
1.779999999999999985e-02 3.059000000000000000e+03
1.789999999999999925e-02 3.739000000000000000e+03
1.789999999999999925e-02 8.370000000000000000e+02
1.789999999999999925e-02 4.200000000000000000e+01
1.799999999999999864e-02 3.287000000000000000e+03
1.799999999999999864e-02 1.247000000000000000e+03
1.810000000000000150e-02 1.405000000000000000e+03
1.810000000000000150e-02 2.605000000000000000e+03
1.810000000000000150e-02 2.905000000000000000e+03
1.810000000000000150e-02 2.687000000000000000e+03
1.820000000000000090e-02 1.046000000000000000e+03
1.830000000000000029e-02 5.200000000000000000e+01
1.830000000000000029e-02 7.210000000000000000e+02
1.839999999999999969e-02 2.900000000000000000e+03
1.849999999999999908e-02 3.039000000000000000e+03
1.849999999999999908e-02 2.212000000000000000e+03
1.849999999999999908e-02 1.728000000000000000e+03
1.849999999999999908e-02 1.196000000000000000e+03
1.859999999999999848e-02 8.840000000000000000e+02
1.859999999999999848e-02 1.720000000000000000e+02
1.870000000000000134e-02 2.477000000000000000e+03
1.880000000000000074e-02 3.297000000000000000e+03
1.890000000000000013e-02 6.660000000000000000e+02
1.890000000000000013e-02 1.601000000000000000e+03
1.890000000000000013e-02 3.329000000000000000e+03
1.899999999999999953e-02 3.000000000000000000e+03
1.909999999999999892e-02 1.648000000000000000e+03
1.909999999999999892e-02 8.120000000000000000e+02
1.909999999999999892e-02 3.433000000000000000e+03
1.919999999999999832e-02 2.691000000000000000e+03
1.930000000000000118e-02 7.930000000000000000e+02
1.930000000000000118e-02 2.107000000000000000e+03
1.940000000000000058e-02 9.320000000000000000e+02
1.940000000000000058e-02 1.289000000000000000e+03
1.940000000000000058e-02 9.050000000000000000e+02
1.940000000000000058e-02 2.397000000000000000e+03
1.949999999999999997e-02 3.400000000000000000e+03
1.949999999999999997e-02 1.824000000000000000e+03
1.949999999999999997e-02 2.249000000000000000e+03
1.949999999999999997e-02 1.394000000000000000e+03
1.959999999999999937e-02 3.192000000000000000e+03
1.959999999999999937e-02 1.470000000000000000e+02
1.980000000000000163e-02 5.060000000000000000e+02
1.980000000000000163e-02 3.270000000000000000e+02
1.980000000000000163e-02 2.353000000000000000e+03
1.990000000000000102e-02 1.575000000000000000e+03
1.990000000000000102e-02 3.778000000000000000e+03
2.009999999999999981e-02 2.104000000000000000e+03
2.009999999999999981e-02 1.447000000000000000e+03
2.029999999999999860e-02 2.717000000000000000e+03
2.029999999999999860e-02 4.100000000000000000e+01
2.029999999999999860e-02 6.190000000000000000e+02
2.040000000000000147e-02 2.671000000000000000e+03
2.040000000000000147e-02 7.040000000000000000e+02
2.050000000000000086e-02 1.092000000000000000e+03
2.060000000000000026e-02 6.610000000000000000e+02
2.069999999999999965e-02 1.454000000000000000e+03
2.069999999999999965e-02 3.934000000000000000e+03
2.069999999999999965e-02 3.671000000000000000e+03
2.069999999999999965e-02 9.620000000000000000e+02
2.079999999999999905e-02 6.610000000000000000e+02
2.079999999999999905e-02 1.721000000000000000e+03
2.089999999999999844e-02 5.050000000000000000e+02
2.100000000000000130e-02 1.205000000000000000e+03
2.100000000000000130e-02 2.043000000000000000e+03
2.100000000000000130e-02 1.089000000000000000e+03
2.110000000000000070e-02 4.640000000000000000e+02
2.110000000000000070e-02 3.510000000000000000e+03
2.129999999999999949e-02 2.032000000000000000e+03
2.129999999999999949e-02 1.261000000000000000e+03
2.129999999999999949e-02 2.041000000000000000e+03
2.129999999999999949e-02 2.710000000000000000e+02
2.129999999999999949e-02 6.540000000000000000e+02
2.129999999999999949e-02 3.766000000000000000e+03
2.139999999999999888e-02 1.652000000000000000e+03
2.149999999999999828e-02 1.043000000000000000e+03
2.160000000000000114e-02 2.572000000000000000e+03
2.160000000000000114e-02 1.890000000000000000e+02
2.160000000000000114e-02 3.533000000000000000e+03
2.170000000000000054e-02 1.786000000000000000e+03
2.179999999999999993e-02 2.184000000000000000e+03
2.179999999999999993e-02 3.409000000000000000e+03
2.179999999999999993e-02 3.604000000000000000e+03
2.179999999999999993e-02 3.145000000000000000e+03
2.179999999999999993e-02 6.140000000000000000e+02
2.189999999999999933e-02 1.020000000000000000e+02
2.189999999999999933e-02 8.800000000000000000e+01
2.189999999999999933e-02 3.547000000000000000e+03
2.210000000000000159e-02 2.347000000000000000e+03
2.210000000000000159e-02 1.640000000000000000e+03
2.210000000000000159e-02 1.704000000000000000e+03
2.210000000000000159e-02 3.164000000000000000e+03
2.220000000000000098e-02 2.353000000000000000e+03
2.220000000000000098e-02 8.740000000000000000e+02
2.239999999999999977e-02 2.650000000000000000e+02
2.249999999999999917e-02 3.035000000000000000e+03
2.259999999999999856e-02 1.828000000000000000e+03
2.270000000000000143e-02 1.555000000000000000e+03
2.270000000000000143e-02 3.224000000000000000e+03
2.280000000000000082e-02 3.570000000000000000e+03
2.280000000000000082e-02 2.220000000000000000e+02
2.290000000000000022e-02 1.627000000000000000e+03
2.290000000000000022e-02 6.510000000000000000e+02
2.290000000000000022e-02 2.200000000000000000e+03
2.290000000000000022e-02 2.558000000000000000e+03
2.290000000000000022e-02 3.033000000000000000e+03
2.290000000000000022e-02 1.693000000000000000e+03
2.299999999999999961e-02 2.910000000000000000e+03
2.299999999999999961e-02 1.450000000000000000e+02
2.309999999999999901e-02 4.095000000000000000e+03
2.309999999999999901e-02 7.520000000000000000e+02
2.319999999999999840e-02 1.774000000000000000e+03
2.319999999999999840e-02 1.481000000000000000e+03
2.330000000000000127e-02 4.054000000000000000e+03
2.330000000000000127e-02 2.192000000000000000e+03
2.340000000000000066e-02 4.016000000000000000e+03
2.340000000000000066e-02 3.070000000000000000e+02
2.350000000000000006e-02 1.013000000000000000e+03
2.359999999999999945e-02 3.539000000000000000e+03
2.359999999999999945e-02 2.030000000000000000e+02
2.359999999999999945e-02 2.641000000000000000e+03
2.369999999999999885e-02 3.330000000000000000e+02
2.369999999999999885e-02 1.218000000000000000e+03
2.369999999999999885e-02 2.524000000000000000e+03
2.369999999999999885e-02 3.884000000000000000e+03
2.380000000000000171e-02 2.205000000000000000e+03
2.390000000000000110e-02 2.520000000000000000e+03
2.400000000000000050e-02 4.380000000000000000e+02
2.400000000000000050e-02 3.258000000000000000e+03
2.409999999999999989e-02 8.590000000000000000e+02
2.419999999999999929e-02 2.189000000000000000e+03
2.429999999999999868e-02 7.290000000000000000e+02
2.429999999999999868e-02 3.123000000000000000e+03
2.429999999999999868e-02 3.147000000000000000e+03
2.429999999999999868e-02 3.455000000000000000e+03
2.429999999999999868e-02 1.352000000000000000e+03
2.429999999999999868e-02 2.520000000000000000e+03
2.440000000000000155e-02 2.823000000000000000e+03
2.440000000000000155e-02 3.304000000000000000e+03
2.440000000000000155e-02 1.542000000000000000e+03
2.460000000000000034e-02 3.506000000000000000e+03
2.469999999999999973e-02 3.910000000000000000e+03
2.469999999999999973e-02 2.012000000000000000e+03
2.479999999999999913e-02 2.822000000000000000e+03
2.479999999999999913e-02 2.910000000000000000e+03
2.489999999999999852e-02 1.404000000000000000e+03
2.500000000000000139e-02 2.700000000000000000e+02
2.520000000000000018e-02 1.839000000000000000e+03
2.529999999999999957e-02 1.286000000000000000e+03
2.539999999999999897e-02 9.380000000000000000e+02
2.539999999999999897e-02 3.870000000000000000e+03
2.539999999999999897e-02 1.068000000000000000e+03
2.560000000000000123e-02 8.600000000000000000e+02
2.560000000000000123e-02 2.688000000000000000e+03
2.560000000000000123e-02 3.396000000000000000e+03
2.560000000000000123e-02 3.528000000000000000e+03
2.570000000000000062e-02 3.446000000000000000e+03
2.570000000000000062e-02 3.100000000000000000e+01
2.570000000000000062e-02 9.690000000000000000e+02
2.570000000000000062e-02 1.084000000000000000e+03
2.580000000000000002e-02 1.610000000000000000e+02
2.580000000000000002e-02 1.525000000000000000e+03
2.580000000000000002e-02 3.136000000000000000e+03
2.589999999999999941e-02 1.782000000000000000e+03
2.589999999999999941e-02 2.981000000000000000e+03
2.589999999999999941e-02 4.040000000000000000e+02
2.610000000000000167e-02 3.590000000000000000e+02
2.610000000000000167e-02 1.910000000000000000e+02
2.630000000000000046e-02 2.938000000000000000e+03
2.630000000000000046e-02 6.420000000000000000e+02
2.659999999999999865e-02 1.455000000000000000e+03
2.659999999999999865e-02 3.779000000000000000e+03
2.670000000000000151e-02 3.053000000000000000e+03
2.670000000000000151e-02 1.314000000000000000e+03
2.670000000000000151e-02 6.320000000000000000e+02
2.670000000000000151e-02 1.370000000000000000e+03
2.680000000000000090e-02 1.030000000000000000e+02
2.690000000000000030e-02 1.747000000000000000e+03
2.690000000000000030e-02 3.199000000000000000e+03
2.690000000000000030e-02 1.602000000000000000e+03
2.690000000000000030e-02 2.801000000000000000e+03
2.699999999999999969e-02 4.270000000000000000e+02
2.699999999999999969e-02 3.403000000000000000e+03
2.699999999999999969e-02 2.922000000000000000e+03
2.699999999999999969e-02 9.600000000000000000e+02
2.699999999999999969e-02 7.410000000000000000e+02
2.709999999999999909e-02 1.576000000000000000e+03
2.709999999999999909e-02 1.505000000000000000e+03
2.709999999999999909e-02 3.570000000000000000e+02
2.719999999999999848e-02 2.436000000000000000e+03
2.719999999999999848e-02 9.360000000000000000e+02
2.719999999999999848e-02 1.400000000000000000e+01
2.730000000000000135e-02 3.979000000000000000e+03
2.730000000000000135e-02 3.962000000000000000e+03
2.730000000000000135e-02 1.700000000000000000e+03
2.740000000000000074e-02 4.016000000000000000e+03
2.740000000000000074e-02 2.609000000000000000e+03
2.750000000000000014e-02 2.261000000000000000e+03
2.759999999999999953e-02 3.647000000000000000e+03
2.759999999999999953e-02 4.082000000000000000e+03
2.769999999999999893e-02 3.757000000000000000e+03
2.769999999999999893e-02 5.350000000000000000e+02
2.779999999999999832e-02 3.547000000000000000e+03
2.790000000000000119e-02 3.296000000000000000e+03
2.790000000000000119e-02 1.068000000000000000e+03
2.790000000000000119e-02 1.309000000000000000e+03
2.790000000000000119e-02 4.340000000000000000e+02
2.800000000000000058e-02 2.670000000000000000e+03
2.800000000000000058e-02 2.305000000000000000e+03
2.800000000000000058e-02 2.002000000000000000e+03
2.819999999999999937e-02 2.645000000000000000e+03
2.819999999999999937e-02 2.459000000000000000e+03
2.840000000000000163e-02 5.640000000000000000e+02
2.850000000000000103e-02 7.250000000000000000e+02
2.850000000000000103e-02 1.720000000000000000e+03
2.860000000000000042e-02 3.839000000000000000e+03
2.860000000000000042e-02 2.794000000000000000e+03
2.860000000000000042e-02 1.673000000000000000e+03
2.879999999999999921e-02 6.940000000000000000e+02
2.889999999999999861e-02 4.080000000000000000e+03
2.889999999999999861e-02 2.209000000000000000e+03
2.889999999999999861e-02 4.800000000000000000e+01
2.889999999999999861e-02 2.425000000000000000e+03
2.900000000000000147e-02 2.577000000000000000e+03
2.900000000000000147e-02 2.272000000000000000e+03
2.900000000000000147e-02 2.734000000000000000e+03
2.910000000000000087e-02 2.702000000000000000e+03
2.910000000000000087e-02 1.234000000000000000e+03
2.920000000000000026e-02 2.492000000000000000e+03
2.920000000000000026e-02 2.111000000000000000e+03
2.920000000000000026e-02 3.833000000000000000e+03
2.929999999999999966e-02 3.200000000000000000e+03
2.929999999999999966e-02 4.140000000000000000e+02
2.929999999999999966e-02 2.913000000000000000e+03
2.929999999999999966e-02 1.425000000000000000e+03
2.949999999999999845e-02 2.335000000000000000e+03
2.949999999999999845e-02 2.041000000000000000e+03
2.970000000000000070e-02 1.744000000000000000e+03
2.970000000000000070e-02 4.720000000000000000e+02
2.980000000000000010e-02 1.594000000000000000e+03
2.980000000000000010e-02 1.770000000000000000e+02
2.989999999999999949e-02 3.028000000000000000e+03
2.989999999999999949e-02 1.951000000000000000e+03
2.999999999999999889e-02 1.226000000000000000e+03
3.009999999999999828e-02 2.587000000000000000e+03
3.020000000000000115e-02 2.149000000000000000e+03
3.020000000000000115e-02 2.001000000000000000e+03
3.020000000000000115e-02 1.137000000000000000e+03
3.020000000000000115e-02 2.824000000000000000e+03
3.020000000000000115e-02 3.955000000000000000e+03
3.020000000000000115e-02 2.270000000000000000e+02
3.030000000000000054e-02 3.632000000000000000e+03
3.030000000000000054e-02 1.420000000000000000e+02
3.030000000000000054e-02 2.741000000000000000e+03
3.030000000000000054e-02 2.591000000000000000e+03
3.039999999999999994e-02 3.177000000000000000e+03
3.039999999999999994e-02 9.120000000000000000e+02
3.039999999999999994e-02 4.670000000000000000e+02
3.039999999999999994e-02 9.620000000000000000e+02
3.039999999999999994e-02 1.779000000000000000e+03
3.049999999999999933e-02 2.929000000000000000e+03
3.049999999999999933e-02 4.045000000000000000e+03
3.049999999999999933e-02 3.244000000000000000e+03
3.049999999999999933e-02 1.859000000000000000e+03
3.059999999999999873e-02 1.947000000000000000e+03
3.070000000000000159e-02 7.600000000000000000e+02
3.090000000000000038e-02 1.856000000000000000e+03
3.099999999999999978e-02 2.591000000000000000e+03
3.099999999999999978e-02 3.501000000000000000e+03
3.109999999999999917e-02 2.120000000000000000e+03
3.119999999999999857e-02 3.660000000000000000e+03
3.119999999999999857e-02 1.980000000000000000e+02
3.119999999999999857e-02 2.726000000000000000e+03
3.130000000000000143e-02 1.261000000000000000e+03
3.139999999999999736e-02 3.714000000000000000e+03
3.139999999999999736e-02 4.049000000000000000e+03
3.139999999999999736e-02 3.557000000000000000e+03
3.150000000000000022e-02 6.270000000000000000e+02
3.150000000000000022e-02 2.094000000000000000e+03
3.150000000000000022e-02 2.020000000000000000e+03
3.160000000000000309e-02 1.327000000000000000e+03
3.160000000000000309e-02 8.110000000000000000e+02
3.169999999999999901e-02 7.270000000000000000e+02
3.169999999999999901e-02 2.709000000000000000e+03
3.169999999999999901e-02 1.449000000000000000e+03
3.180000000000000188e-02 4.031000000000000000e+03
3.180000000000000188e-02 3.628000000000000000e+03
3.189999999999999780e-02 2.354000000000000000e+03
3.200000000000000067e-02 2.219000000000000000e+03
3.200000000000000067e-02 2.860000000000000000e+03
3.200000000000000067e-02 2.044000000000000000e+03
3.200000000000000067e-02 2.604000000000000000e+03
3.200000000000000067e-02 2.981000000000000000e+03
3.200000000000000067e-02 2.991000000000000000e+03
3.209999999999999659e-02 3.616000000000000000e+03
3.219999999999999946e-02 2.688000000000000000e+03
3.219999999999999946e-02 3.784000000000000000e+03
3.219999999999999946e-02 2.666000000000000000e+03
3.230000000000000232e-02 1.424000000000000000e+03
3.239999999999999825e-02 3.169000000000000000e+03
3.239999999999999825e-02 3.304000000000000000e+03
3.239999999999999825e-02 1.299000000000000000e+03
3.239999999999999825e-02 2.854000000000000000e+03
3.239999999999999825e-02 3.287000000000000000e+03
3.250000000000000111e-02 2.334000000000000000e+03
3.250000000000000111e-02 2.750000000000000000e+03
3.250000000000000111e-02 2.483000000000000000e+03
3.250000000000000111e-02 3.010000000000000000e+02
3.250000000000000111e-02 1.429000000000000000e+03
3.269999999999999990e-02 1.959000000000000000e+03
3.269999999999999990e-02 3.492000000000000000e+03
3.269999999999999990e-02 3.160000000000000000e+02
3.269999999999999990e-02 1.586000000000000000e+03
3.269999999999999990e-02 1.220000000000000000e+02
3.280000000000000276e-02 3.431000000000000000e+03
3.280000000000000276e-02 3.156000000000000000e+03
3.289999999999999869e-02 1.433000000000000000e+03
3.289999999999999869e-02 0.000000000000000000e+00
3.289999999999999869e-02 1.425000000000000000e+03
3.300000000000000155e-02 3.078000000000000000e+03
3.300000000000000155e-02 3.751000000000000000e+03
3.300000000000000155e-02 2.306000000000000000e+03
3.309999999999999748e-02 3.622000000000000000e+03
3.309999999999999748e-02 1.966000000000000000e+03
3.309999999999999748e-02 7.510000000000000000e+02
3.320000000000000034e-02 8.880000000000000000e+02
3.339999999999999913e-02 2.370000000000000000e+02
3.339999999999999913e-02 2.226000000000000000e+03
3.359999999999999792e-02 7.800000000000000000e+02
3.370000000000000079e-02 2.885000000000000000e+03
3.370000000000000079e-02 2.407000000000000000e+03
3.379999999999999671e-02 2.824000000000000000e+03
3.379999999999999671e-02 2.970000000000000000e+02
3.389999999999999958e-02 3.352000000000000000e+03
3.389999999999999958e-02 2.990000000000000000e+02
3.400000000000000244e-02 3.920000000000000000e+02
3.400000000000000244e-02 6.200000000000000000e+02
3.400000000000000244e-02 3.470000000000000000e+03
3.400000000000000244e-02 6.150000000000000000e+02
3.409999999999999837e-02 3.543000000000000000e+03
3.440000000000000002e-02 3.561000000000000000e+03
3.440000000000000002e-02 1.150000000000000000e+03
3.450000000000000289e-02 1.928000000000000000e+03
3.450000000000000289e-02 9.890000000000000000e+02
3.450000000000000289e-02 2.238000000000000000e+03
3.450000000000000289e-02 2.220000000000000000e+02
3.450000000000000289e-02 1.248000000000000000e+03
3.450000000000000289e-02 3.839000000000000000e+03
3.459999999999999881e-02 2.967000000000000000e+03
3.459999999999999881e-02 2.677000000000000000e+03
3.459999999999999881e-02 2.594000000000000000e+03
3.479999999999999760e-02 2.017000000000000000e+03
3.479999999999999760e-02 2.996000000000000000e+03
3.479999999999999760e-02 1.811000000000000000e+03
3.479999999999999760e-02 6.150000000000000000e+02
3.490000000000000047e-02 2.340000000000000000e+03
3.490000000000000047e-02 2.882000000000000000e+03
3.500000000000000333e-02 6.200000000000000000e+02
3.500000000000000333e-02 2.390000000000000000e+02
3.520000000000000212e-02 5.960000000000000000e+02
3.529999999999999805e-02 1.632000000000000000e+03
3.529999999999999805e-02 1.453000000000000000e+03
3.549999999999999684e-02 2.450000000000000000e+02
3.549999999999999684e-02 8.940000000000000000e+02
3.549999999999999684e-02 3.374000000000000000e+03
3.549999999999999684e-02 3.196000000000000000e+03
3.559999999999999970e-02 2.090000000000000000e+03
3.559999999999999970e-02 2.336000000000000000e+03
3.570000000000000256e-02 5.020000000000000000e+02
3.570000000000000256e-02 3.549000000000000000e+03
3.590000000000000135e-02 3.533000000000000000e+03
3.590000000000000135e-02 2.947000000000000000e+03
3.590000000000000135e-02 3.100000000000000000e+03
3.590000000000000135e-02 1.980000000000000000e+02
3.590000000000000135e-02 1.706000000000000000e+03
3.599999999999999728e-02 6.630000000000000000e+02
3.620000000000000301e-02 1.790000000000000000e+02
3.629999999999999893e-02 1.158000000000000000e+03
3.649999999999999772e-02 3.134000000000000000e+03
3.649999999999999772e-02 6.280000000000000000e+02
3.660000000000000059e-02 1.552000000000000000e+03
3.660000000000000059e-02 3.939000000000000000e+03
3.670000000000000345e-02 3.538000000000000000e+03
3.679999999999999938e-02 4.900000000000000000e+02
3.679999999999999938e-02 3.827000000000000000e+03
3.690000000000000224e-02 8.600000000000000000e+01
3.690000000000000224e-02 4.003000000000000000e+03
3.690000000000000224e-02 6.680000000000000000e+02
3.690000000000000224e-02 8.670000000000000000e+02
3.699999999999999817e-02 2.730000000000000000e+03
3.699999999999999817e-02 3.578000000000000000e+03
3.710000000000000103e-02 1.543000000000000000e+03
3.710000000000000103e-02 7.300000000000000000e+02
3.710000000000000103e-02 8.960000000000000000e+02
3.710000000000000103e-02 3.512000000000000000e+03
3.729999999999999982e-02 3.324000000000000000e+03
3.740000000000000269e-02 1.020000000000000000e+02
3.740000000000000269e-02 3.185000000000000000e+03
3.769999999999999740e-02 2.446000000000000000e+03
3.769999999999999740e-02 7.800000000000000000e+01
3.769999999999999740e-02 1.281000000000000000e+03
3.769999999999999740e-02 1.658000000000000000e+03
3.780000000000000027e-02 2.407000000000000000e+03
3.780000000000000027e-02 3.823000000000000000e+03
3.790000000000000313e-02 3.468000000000000000e+03
3.799999999999999906e-02 3.660000000000000000e+02
3.799999999999999906e-02 1.860000000000000000e+03
3.810000000000000192e-02 2.411000000000000000e+03
3.810000000000000192e-02 2.292000000000000000e+03
3.810000000000000192e-02 8.570000000000000000e+02
3.810000000000000192e-02 2.377000000000000000e+03
3.810000000000000192e-02 6.110000000000000000e+02
3.819999999999999785e-02 3.096000000000000000e+03
3.830000000000000071e-02 2.865000000000000000e+03
3.839999999999999664e-02 1.557000000000000000e+03
3.849999999999999950e-02 1.589000000000000000e+03
3.849999999999999950e-02 2.070000000000000000e+02
3.849999999999999950e-02 4.013000000000000000e+03
3.860000000000000236e-02 2.656000000000000000e+03
3.860000000000000236e-02 3.938000000000000000e+03
3.860000000000000236e-02 2.690000000000000000e+03
3.869999999999999829e-02 2.401000000000000000e+03
3.880000000000000115e-02 6.250000000000000000e+02
3.880000000000000115e-02 1.153000000000000000e+03
3.880000000000000115e-02 2.805000000000000000e+03
3.889999999999999708e-02 1.336000000000000000e+03
3.899999999999999994e-02 1.908000000000000000e+03
3.899999999999999994e-02 1.226000000000000000e+03
3.899999999999999994e-02 2.437000000000000000e+03
3.910000000000000281e-02 3.004000000000000000e+03
3.910000000000000281e-02 3.300000000000000000e+01
3.910000000000000281e-02 8.800000000000000000e+02
3.919999999999999873e-02 2.409000000000000000e+03
3.930000000000000160e-02 2.932000000000000000e+03
3.930000000000000160e-02 1.894000000000000000e+03
3.939999999999999752e-02 9.010000000000000000e+02
3.939999999999999752e-02 3.836000000000000000e+03
3.939999999999999752e-02 1.447000000000000000e+03
3.939999999999999752e-02 1.019000000000000000e+03
3.939999999999999752e-02 1.182000000000000000e+03
3.950000000000000039e-02 3.899000000000000000e+03
3.960000000000000325e-02 1.790000000000000000e+02
3.960000000000000325e-02 2.937000000000000000e+03
3.960000000000000325e-02 3.929000000000000000e+03
3.960000000000000325e-02 3.185000000000000000e+03
3.989999999999999797e-02 2.076000000000000000e+03
3.989999999999999797e-02 2.818000000000000000e+03
3.989999999999999797e-02 3.091000000000000000e+03
4.000000000000000083e-02 3.920000000000000000e+03
4.000000000000000083e-02 3.457000000000000000e+03
4.000000000000000083e-02 2.829000000000000000e+03
4.019999999999999962e-02 2.936000000000000000e+03
4.030000000000000249e-02 2.916000000000000000e+03
4.039999999999999841e-02 1.933000000000000000e+03
4.050000000000000128e-02 3.478000000000000000e+03
4.050000000000000128e-02 1.118000000000000000e+03
4.050000000000000128e-02 3.025000000000000000e+03
4.059999999999999720e-02 1.511000000000000000e+03
4.059999999999999720e-02 1.917000000000000000e+03
4.059999999999999720e-02 8.920000000000000000e+02
4.059999999999999720e-02 1.152000000000000000e+03
4.059999999999999720e-02 4.084000000000000000e+03
4.059999999999999720e-02 2.301000000000000000e+03
4.070000000000000007e-02 1.753000000000000000e+03
4.070000000000000007e-02 1.079000000000000000e+03
4.070000000000000007e-02 2.790000000000000000e+02
4.070000000000000007e-02 9.800000000000000000e+01
4.070000000000000007e-02 4.028000000000000000e+03
4.080000000000000293e-02 2.972000000000000000e+03
4.080000000000000293e-02 1.049000000000000000e+03
4.089999999999999886e-02 3.469000000000000000e+03
4.100000000000000172e-02 4.140000000000000000e+02
4.100000000000000172e-02 1.730000000000000000e+02
4.109999999999999765e-02 2.943000000000000000e+03
4.109999999999999765e-02 2.275000000000000000e+03
4.109999999999999765e-02 2.248000000000000000e+03
4.120000000000000051e-02 5.110000000000000000e+02
4.120000000000000051e-02 2.901000000000000000e+03
4.130000000000000338e-02 4.094000000000000000e+03
4.130000000000000338e-02 2.457000000000000000e+03
4.130000000000000338e-02 1.347000000000000000e+03
4.150000000000000216e-02 1.972000000000000000e+03
4.150000000000000216e-02 3.944000000000000000e+03
4.150000000000000216e-02 2.014000000000000000e+03
4.150000000000000216e-02 2.715000000000000000e+03
4.150000000000000216e-02 2.419000000000000000e+03
4.159999999999999809e-02 7.600000000000000000e+01
4.170000000000000095e-02 3.736000000000000000e+03
4.179999999999999688e-02 4.880000000000000000e+02
4.179999999999999688e-02 4.160000000000000000e+02
4.200000000000000261e-02 2.336000000000000000e+03
4.200000000000000261e-02 1.175000000000000000e+03
4.209999999999999853e-02 1.751000000000000000e+03
4.220000000000000140e-02 5.160000000000000000e+02
4.229999999999999732e-02 3.426000000000000000e+03
4.240000000000000019e-02 2.620000000000000000e+03
4.240000000000000019e-02 5.420000000000000000e+02
4.259999999999999898e-02 2.351000000000000000e+03
4.259999999999999898e-02 3.651000000000000000e+03
4.259999999999999898e-02 3.724000000000000000e+03
4.270000000000000184e-02 1.215000000000000000e+03
4.270000000000000184e-02 2.465000000000000000e+03
4.270000000000000184e-02 1.773000000000000000e+03
4.270000000000000184e-02 3.088000000000000000e+03
4.270000000000000184e-02 3.716000000000000000e+03
4.279999999999999777e-02 1.459000000000000000e+03
4.279999999999999777e-02 3.700000000000000000e+02
4.290000000000000063e-02 1.916000000000000000e+03
4.290000000000000063e-02 1.716000000000000000e+03
4.290000000000000063e-02 1.692000000000000000e+03
4.290000000000000063e-02 1.397000000000000000e+03
4.299999999999999656e-02 4.880000000000000000e+02
4.299999999999999656e-02 1.600000000000000000e+02
4.299999999999999656e-02 9.620000000000000000e+02
4.309999999999999942e-02 1.726000000000000000e+03
4.329999999999999821e-02 3.699000000000000000e+03
4.329999999999999821e-02 1.553000000000000000e+03
4.340000000000000108e-02 3.897000000000000000e+03
4.340000000000000108e-02 3.606000000000000000e+03
4.340000000000000108e-02 1.611000000000000000e+03
4.340000000000000108e-02 2.380000000000000000e+03
4.340000000000000108e-02 2.496000000000000000e+03
4.340000000000000108e-02 3.632000000000000000e+03
4.349999999999999700e-02 9.900000000000000000e+01
4.359999999999999987e-02 2.519000000000000000e+03
4.370000000000000273e-02 2.789000000000000000e+03
4.379999999999999866e-02 1.689000000000000000e+03
4.390000000000000152e-02 1.863000000000000000e+03
4.390000000000000152e-02 3.230000000000000000e+03
4.399999999999999745e-02 2.065000000000000000e+03
4.399999999999999745e-02 5.810000000000000000e+02
4.410000000000000031e-02 2.270000000000000000e+03
4.410000000000000031e-02 2.564000000000000000e+03
4.420000000000000318e-02 1.484000000000000000e+03
4.429999999999999910e-02 4.450000000000000000e+02
4.429999999999999910e-02 3.179000000000000000e+03
4.429999999999999910e-02 3.912000000000000000e+03
4.440000000000000197e-02 2.992000000000000000e+03
4.440000000000000197e-02 3.248000000000000000e+03
4.440000000000000197e-02 1.321000000000000000e+03
4.440000000000000197e-02 1.381000000000000000e+03
4.479999999999999954e-02 3.384000000000000000e+03
4.490000000000000241e-02 1.045000000000000000e+03
4.490000000000000241e-02 2.395000000000000000e+03
4.499999999999999833e-02 1.960000000000000000e+03
4.499999999999999833e-02 3.456000000000000000e+03
4.510000000000000120e-02 1.697000000000000000e+03
4.510000000000000120e-02 2.245000000000000000e+03
4.519999999999999712e-02 1.643000000000000000e+03
4.519999999999999712e-02 2.626000000000000000e+03
4.519999999999999712e-02 2.058000000000000000e+03
4.519999999999999712e-02 1.369000000000000000e+03
4.540000000000000285e-02 3.710000000000000000e+02
4.540000000000000285e-02 3.786000000000000000e+03
4.549999999999999878e-02 2.007000000000000000e+03
4.560000000000000164e-02 2.888000000000000000e+03
4.560000000000000164e-02 2.767000000000000000e+03
4.560000000000000164e-02 2.965000000000000000e+03
4.560000000000000164e-02 1.577000000000000000e+03
4.590000000000000330e-02 2.914000000000000000e+03
4.590000000000000330e-02 2.457000000000000000e+03
4.590000000000000330e-02 2.091000000000000000e+03
4.599999999999999922e-02 2.231000000000000000e+03
4.599999999999999922e-02 8.470000000000000000e+02
4.619999999999999801e-02 6.190000000000000000e+02
4.630000000000000088e-02 5.300000000000000000e+01
4.630000000000000088e-02 2.630000000000000000e+02
4.639999999999999680e-02 8.860000000000000000e+02
4.639999999999999680e-02 6.160000000000000000e+02
4.649999999999999967e-02 3.709000000000000000e+03
4.649999999999999967e-02 2.895000000000000000e+03
4.649999999999999967e-02 3.640000000000000000e+03
4.660000000000000253e-02 2.137000000000000000e+03
4.660000000000000253e-02 1.083000000000000000e+03
4.669999999999999846e-02 3.628000000000000000e+03
4.669999999999999846e-02 1.071000000000000000e+03
4.669999999999999846e-02 2.939000000000000000e+03
4.680000000000000132e-02 2.728000000000000000e+03
4.689999999999999725e-02 2.455000000000000000e+03
4.689999999999999725e-02 1.365000000000000000e+03
4.710000000000000298e-02 4.680000000000000000e+02
4.710000000000000298e-02 2.814000000000000000e+03
4.719999999999999890e-02 3.961000000000000000e+03
4.750000000000000056e-02 5.660000000000000000e+02
4.769999999999999934e-02 1.095000000000000000e+03
4.769999999999999934e-02 1.621000000000000000e+03
4.769999999999999934e-02 3.828000000000000000e+03
4.769999999999999934e-02 3.904000000000000000e+03
4.789999999999999813e-02 1.440000000000000000e+02
4.789999999999999813e-02 3.235000000000000000e+03
4.800000000000000100e-02 3.200000000000000000e+01
4.800000000000000100e-02 2.224000000000000000e+03
4.800000000000000100e-02 1.998000000000000000e+03
4.819999999999999979e-02 3.968000000000000000e+03
4.819999999999999979e-02 9.490000000000000000e+02
4.830000000000000265e-02 4.810000000000000000e+02
4.839999999999999858e-02 1.470000000000000000e+02
4.850000000000000144e-02 3.122000000000000000e+03
4.850000000000000144e-02 1.950000000000000000e+02
4.859999999999999737e-02 1.342000000000000000e+03
4.859999999999999737e-02 1.657000000000000000e+03
4.859999999999999737e-02 7.610000000000000000e+02
4.870000000000000023e-02 8.840000000000000000e+02
4.870000000000000023e-02 6.660000000000000000e+02
4.880000000000000310e-02 4.760000000000000000e+02
4.880000000000000310e-02 7.150000000000000000e+02
4.880000000000000310e-02 3.943000000000000000e+03
4.900000000000000189e-02 3.127000000000000000e+03
4.900000000000000189e-02 2.535000000000000000e+03
4.900000000000000189e-02 2.745000000000000000e+03
4.909999999999999781e-02 7.470000000000000000e+02
4.909999999999999781e-02 9.860000000000000000e+02
4.920000000000000068e-02 1.266000000000000000e+03
4.920000000000000068e-02 2.503000000000000000e+03
4.920000000000000068e-02 1.934000000000000000e+03
4.920000000000000068e-02 6.280000000000000000e+02
4.929999999999999660e-02 2.175000000000000000e+03
4.929999999999999660e-02 3.360000000000000000e+02
4.929999999999999660e-02 3.196000000000000000e+03
4.950000000000000233e-02 2.444000000000000000e+03
4.950000000000000233e-02 6.000000000000000000e+02
4.950000000000000233e-02 1.538000000000000000e+03
4.950000000000000233e-02 1.466000000000000000e+03
4.950000000000000233e-02 1.394000000000000000e+03
4.959999999999999826e-02 2.986000000000000000e+03
4.989999999999999991e-02 3.777000000000000000e+03
4.989999999999999991e-02 4.090000000000000000e+02
4.989999999999999991e-02 3.439000000000000000e+03
4.989999999999999991e-02 2.466000000000000000e+03
5.000000000000000278e-02 1.350000000000000000e+02
