7.460431577857029595e-02 6.017765551812546221e+01
7.560974454281638657e+01 8.775690959792981971e+00
4.831802714073440086e+01 8.768517856447284942e+01
8.757708043419788169e+01 6.666639998423806901e+01
1.442037200562294963e+01 5.847355474816306042e+01
1.489436888608143228e+01 3.525839629686716847e+01
1.757988988799112917e+01 1.835396882520993245e+01
6.960590876992300480e+01 6.366427307604038788e+01
8.688669053015989618e+01 1.494024525834232264e+01
7.931264141588660266e+01 8.017266090132895329e+01
5.740047687036107504e+01 5.723694604670659380e+00
5.409976851368886486e+01 6.169705665603540012e+01
1.295219286521953617e+00 3.681896378502825939e+01
3.124253222092432480e+01 6.599096021365924969e+01
1.205628005265733194e+01 4.811026347832819994e+01
8.511920401838314376e+01 2.398817948920550780e+00
5.978908353559489086e+01 4.140949274205918407e+00
7.472072858147565455e+01 2.037918515765605321e+01
4.111913133844914370e+01 2.184943319187181388e+01
8.356792568509131058e+01 2.795764388785651988e+01
7.407412407953961164e+00 5.308777550784077448e+01
3.893292300881833512e+01 9.355324954850608776e+00
7.671138832771107730e+01 1.195232309509172097e+01
2.390602498703578860e+01 9.989040281250412079e+01
5.677308498767877154e+01 9.995587820278404934e+01
6.373026564626226076e+01 3.117679090466440872e+00
4.459816575899518654e+01 7.881608938472243153e+01
5.504732643146434157e+01 7.008606266879097291e+01
8.726927380684529112e+01 9.180704132645583115e+01
6.507822547521283241e+01 1.115045580086355770e+01
2.602033454287840897e+01 6.654335870065915515e+01
9.267740906546295321e+01 9.327392595884140292e+01
3.564478517640685595e+01 4.828851725735236045e+01
3.005716565557726838e+01 9.864599970237868831e+01
9.340897302356275134e+01 7.799515941934022578e+01
8.365114237946092146e+01 1.233466352347411998e+01
5.709914984081532197e+01 8.620006495025170068e+01
1.240542356065944496e+01 2.187673697653054106e+01
4.221331911961279104e-01 1.220238207834899491e+01
1.162209301967500608e+01 9.381445438863815411e+01
3.718421641892371099e+01 2.633462906328103514e+01
7.216137809109244472e+01 2.050435076560184200e+01
7.842062298320929159e+00 3.005137029507822888e+01
6.834226031358497266e+01 4.274155843517461051e+01
3.203404294384380080e+01 9.208371413645083692e+01
8.434584895602679921e+01 1.966786991257038864e+01
9.288707104416461391e+01 3.841805491570874409e+01
2.589065486204795619e+01 5.966298706307679822e+01
3.327242081103744198e+01 8.771208724150861258e+01
4.547131556355938642e+01 6.560133025505308524e+01
2.583809277610404909e+00 7.192219055184489562e+00
7.441477355476060040e+01 7.537031088566847359e+01
2.432094067684096217e+01 6.470781351223749311e+01
3.412506834831540914e+01 3.510302223637814478e+01
7.484102096175338659e+01 7.101386576082451541e+01
2.631238999060141381e+01 1.515828094551780936e+01
7.437970410640016183e+00 5.299562392389408672e+01
5.044163241362357297e+01 5.299203397072763977e+01
5.051553029352318447e+01 6.494189884360540077e+01
2.588530731261518980e+01 7.968848660464145084e+00
4.073920905222363587e+01 9.090590424239896095e+01
3.655415747421118056e+01 8.224295771062787708e+01
8.979835489113060021e+01 9.219926736734927886e+01
4.213110158638247071e+01 6.124827145124400829e+01
7.409116495611579012e+01 8.289193900526092307e+01
5.151894700733634380e+01 4.911608903588908959e+01
4.025466278922448282e+01 6.359302658292070021e+01
6.179152076358814583e+01 3.340289546833952183e+00
4.906821967114503025e+01 7.316859425515416149e+01
4.466823769131669053e+01 7.797112779015424877e+00
9.604837454299136823e+01 5.758659187295237558e+01
9.088538470897360355e+01 1.026244110304521584e+01
9.452332530243801045e-01 1.358049104800377371e+01
1.219456692869859182e+01 8.216202064891726309e+01
8.105873960436824177e+01 2.455238263476256932e+01
2.644085465699708148e+00 7.244172642544285168e+01
1.307106660131297460e+01 6.436560426269767277e+01
2.245240002335141583e+01 7.467486866051912386e+01
9.463144883079115743e+01 6.587426843523027742e+01
4.906113517662744528e+01 1.670534992853479750e+01
2.144428313367928851e+01 6.938747962906781197e+01
9.684372072283087718e+00 6.762808691341970757e+01
7.442746416566386358e+01 9.462163229454944258e+00
3.826992357033320857e+00 6.336498618111006209e+01
4.241249951385993455e+01 7.822998065520434352e+01
2.708899292110805845e+01 5.521097641858676752e+01
9.782503754309071553e+01 1.051693765221079957e+01
8.496954534816629234e+01 6.397970960675994689e+01
1.561428979752866830e+01 5.016570554593474895e+01
6.250607245396700762e+01 3.626960265794350846e+01
6.678461743840210829e+01 6.648725251968397743e+01
7.036515665095191707e+01 1.362850781447999537e+01
9.081939805520592301e+01 2.603412839513211807e+01
1.970500745445551516e+01 9.864219962822313903e+01
5.429337239182127206e+01 7.751609319484889227e+01
1.519134475265265749e+01 2.498833858331060043e+01
9.370391254083530441e+01 7.147411582263818453e+00
4.619505193107734442e+01 5.101412795164428360e+00
6.013796647049534982e+01 3.529047296840859360e+01
8.148538410338974813e+01 1.326202929889284121e+01
7.468386035547639779e+01 8.090557531475441522e+01
2.885513927711052062e+01 2.485348789820995918e+01
2.505249671540297385e+01 8.319719132509767689e+01
7.618183391369142043e+01 8.088370675113488062e+00
1.212649921798768560e+01 5.925275399448576508e+01
7.818933638289074395e+01 3.505299157182383141e+01
6.329876846045808492e+01 8.321051681912153697e+01
8.754728892028428788e+01 9.927953577494932347e+01
7.789500315733502589e+01 2.834089526792726854e+00
6.120546350150821979e+01 4.478143426347741496e+01
4.650720837193489388e+00 8.963166604773775248e+00
2.904332472255288877e+01 7.662526862342610912e+01
4.415038918384922795e+01 6.340217005853070731e+01
3.433827509705379555e+01 4.028987060940428933e+01
5.424874682821030092e+01 6.131497193941179802e+01
7.718847752036627696e+01 2.303173885386636854e+01
5.995329764121068195e+01 9.747808025074040472e+01
9.602206060959807132e+01 8.811591954885781774e+01
6.627493107882465040e-01 8.566072110219411684e+01
3.262137514158355600e+01 5.511879228117276597e+01
1.006686301103232317e+01 2.526833860148720490e+01
1.786975667805357304e+01 2.865825400769070797e+01
2.410834309685911947e+01 1.593824639402202692e+01
3.102378285284053305e+01 2.611552925516177481e+01
8.195374327616466559e+00 3.598335126378560123e+00
8.417917100157362142e+01 8.178015043836965958e+01
7.839762147110401713e+01 7.263328001717472837e+00
7.564931938243204002e+01 5.985598591827545789e+01
8.882716321359008305e+01 8.166975912233050394e+01
2.892741225400480332e+01 5.545369796439629795e+01
9.867881667966840098e+01 3.979930661577345319e+01
7.999880264302679223e+01 5.868087651874280652e+01
9.290984579020727097e+01 4.753376752936857486e+01
1.228367559119107888e+01 7.365395142583859922e+01
4.180787374178298421e+01 6.574704834475527093e+01
8.977745938859904129e+01 5.354167181439702006e+01
8.259735570194975196e+01 8.207583192796919391e+00
7.429049355369285479e+01 1.533786650299917564e+00
4.952144461503049655e-02 2.801206813065372359e+01
3.478430034198400733e+01 7.992593173129058925e+01
5.562357881866382314e+01 1.746500380697298027e+01
9.718244344573561477e+01 3.089433212103530479e+01
4.854532821312732693e+01 3.448794355095709108e+01
5.885673650142483382e+01 4.520441439187106170e+01
7.057527633227815045e+01 3.946357867479866854e+01
9.665139187732316373e+01 8.712139394308590568e+01
8.574397558884724901e+01 3.616149655516297656e+01
9.563567261913559037e+01 1.160848097618213437e+01
1.099293745778201448e+01 6.852060230836745802e+01
6.685828805956049337e+01 7.898735574620050670e+01
3.102078963012099422e+01 7.682509940397110881e+01
7.899707042078718189e+01 1.485189174023627778e+01
7.858236406061284640e+01 4.214100118465927380e+01
9.917066141298455761e+01 6.294737864038461339e+01
1.263905820048947248e+01 5.920565540125461013e+01
1.863757736329373316e+01 5.810963836202547128e+01
3.802497884251055638e+01 4.650315525831485530e+01
5.126691998957212348e+01 8.778728277874120067e+01
2.490445248716503102e+01 4.176985514563244806e+01
6.715564302887385395e+01 7.463767716913223182e+01
1.285156089214821762e+01 3.002094188639195949e+01
1.487806283918963146e+01 2.274994463401138844e+01
8.477449066183048387e+01 1.579719616892148970e+01
4.152209086682495354e+01 2.942209940845382832e+01
3.436624898481174029e+01 3.827482819678323978e+01
1.191822569228869710e+01 4.988322660882703730e+01
2.408885462792443732e+01 8.264193687811901157e+01
1.092492477179422039e+01 3.779002032767531105e+00
4.313737301029575377e+01 7.939442632392842825e+01
9.135621853170327711e+01 2.228622761125235030e+01
1.126234877760565745e+01 3.265638852103580803e+01
9.531314234184161904e+00 3.828620517443992455e+00
7.928725155764510646e+01 1.870977251178207368e+01
1.480977823214749733e+01 5.982046398653795194e+01
2.885287892050849479e+01 4.520203604390190577e+01
9.812751859816366107e+01 1.610181079359708178e+01
1.530161223040226126e+01 1.728281648413802074e+01
1.784315731506631408e+01 7.325087698884019005e+01
1.446734793976458633e+01 6.233435080198201916e+00
1.379702119758187173e+01 5.848808243700737108e+01
4.052939161672680513e+01 1.763826107451159686e+01
8.132973446405482321e+01 2.475130315000643222e+01
7.882500086638498260e+01 9.579771954633221753e+01
6.289492550932751058e+00 2.018589345855512818e+01
1.201299610954439423e+01 9.020353175257130829e+01
9.597393977318976965e+01 4.436494040027933039e+01
8.115109496691863455e+01 2.465752737914323944e+01
2.651943783017494027e+01 7.143252534270681053e+01
1.287516067316809654e+01 8.988283365920563028e+01
4.743920497822979598e+01 6.001020962766735778e+01
3.538317931680290229e+01 8.123915398323909187e+01
5.795202997510200760e+01 5.097637057814561246e+01
3.030302650726807201e+01 4.776418259184696069e+01
4.524143794324670864e+01 7.085821363081012692e+01
5.716897644473202433e+01 8.604525895647816469e+01
6.895685719243961387e+01 7.276315840139886859e+01
1.848165515333485232e+01 8.753065851608850778e+01
8.133249106050043054e+01 6.762406260103894340e+01
2.853305547696645306e+01 9.445689276053145988e+01
5.221261797934328541e+00 6.833802273120423365e+01
7.743658169725206619e+01 2.798830594161305640e+00
1.773973040363744502e+01 5.738088260849599465e+01
6.028431004178514740e+01 4.928710989084000715e+01
2.492499212293012434e+01 4.242646846509426695e+01
2.827309911808860576e+01 1.190167292742901850e+01
3.005597050485989641e+01 9.456863893264075216e+01
7.495873284312179408e+01 7.534417247431987619e+01
6.213931642696598345e+01 7.757660205806937270e+00
9.708149796533997744e+01 1.736247044394668748e+01
3.437135663507311278e+01 3.419851594714252485e+01
9.744719260317491205e+01 1.155453127108860834e+01
2.449601700569614593e+01 8.595482121222981675e+01
3.100054253692249162e+01 4.328200991191598490e+01
5.464984528016514531e+01 1.436181596672835248e+01
8.084960565845771896e+01 6.225196195658328691e+01
1.593751946562667143e+01 5.728390645687964167e+01
9.095573995266205714e+01 9.449850480907767292e+01
5.155375688678343238e+01 2.632951726347989663e+01
8.695895277363739240e+01 3.834218417058421480e+00
1.343169444822171954e+01 2.581844319135231558e+01
4.132041049509689401e+01 2.784072318985695205e+01
5.739541668532883989e+01 3.165898969565339449e+00
7.113583692732538566e+01 6.470256331994809784e+01
4.736681528518691664e+01 8.585467023575496626e+01
2.113722031071384322e+01 4.003088512645037866e+01
1.331572087643738733e+01 6.715515260035499523e+01
3.804006031325869230e+01 6.331915925748380403e+01
4.179220980021587195e+01 5.301198861250085770e+01
6.034109416750295907e+01 3.239123493480072824e+01
6.257237063861826698e+01 5.100778945491645899e+00
5.975648026841573568e+01 4.238692199783075409e+01
9.846813478134657771e+01 9.512853211904428008e+01
9.941556622887393502e+00 3.473944372367952838e+01
2.663490447857134313e+01 2.034858617921477730e+01
7.110073571918396063e+00 6.559970176651191309e+01
6.391469614230479124e+01 8.530663745418279120e+01
4.781249695049056925e+01 1.353733927505594892e+01
9.679873079984504614e+01 4.475505321506956591e+01
4.469109968324257665e+01 2.755443466490742210e+01
1.729989329917092178e+01 8.056628587909342798e+01
3.198099218957040080e+01 5.542317959869812682e+01
1.027591717495206503e+01 3.959695141658314554e+01
5.003719648106018525e+01 9.621660121446033997e+01
9.502094763733761340e+01 8.734593050238555634e+01
9.913135963606741541e+01 7.243271500851115263e+01
9.695871324410968839e+01 9.423154316450488466e+01
5.378103169738829337e+01 4.441965565669554650e+01
6.008509320921737640e+01 7.041560664871703068e+01
1.187739986963494232e+01 8.752939353093291963e-01
2.405352459651582819e+01 9.820998461656633083e+01
7.261946662130668528e+01 4.924647998521195547e+01
8.852815632769839738e+01 6.821081695655884403e+01
2.015361200933618591e+01 9.087760160693389366e+01
4.824734304435218490e+01 9.301350093410933084e+01
9.476718438268380851e+01 7.160763578726630385e+01
7.221272769281941351e+01 6.316945185937616714e+01
8.911220065369242604e+01 9.229689460218141051e+01
8.445460433317603588e+01 4.616051840845325671e+01
2.243997097243510908e+01 9.780744325277568763e+00
4.010994669465244300e+01 4.423291328011461587e+01
1.354644903232732389e+01 1.880815482773633462e+01
4.904872917237630503e+01 2.203763707776877823e+01
1.152164844031476854e+01 7.174572849258508711e+01
2.218124069603450010e+01 3.972027587306582319e+01
7.431640147460449874e-01 2.293940611132167007e+01
6.332758940543779858e+01 9.700682748895110308e+01
8.639416938308563942e+00 1.075762834068558860e+01
9.038755957800770346e+00 7.562338641656700133e+01
2.928155867079567187e+01 5.900676480632137810e+01
4.633300191938425172e+01 3.330299733160217102e+01
6.157833572882693574e+01 5.049854088608923064e+01
4.008528765957536422e+01 3.775936117443776396e+01
9.546738879959937663e+01 2.974530335426879191e+01
2.397339136667571324e+01 6.466422264606084980e+01
5.583122336361656224e+00 2.406658436180316585e+01
9.709356081463840837e+01 3.531777131871134401e+01
6.290113418688733304e+01 7.863419985600567941e+01
1.799324882233896972e+01 5.179371730580517585e+00
2.410160124835379847e+01 7.572058451268195256e+01
5.609404529785070537e+01 1.204530450856380241e+01
8.316086943718614677e+00 5.811233823162307033e+01
7.430512088917839719e+01 4.566078550498142619e+01
6.874834315020498821e+01 9.555156700489753518e+00
5.133681055488987965e+01 6.753983595866723988e+01
7.466582684128606218e+01 9.611402819807032927e+01
2.136065829998626953e+01 5.226917601187527396e+01
7.960927918862907404e+01 3.726788307619536056e+01
3.720807723495822472e+01 6.442009742375167036e+01
8.552609156523121214e+01 1.588356065753744417e+01
2.170219668554648251e+01 9.941523016671148127e+01
6.762295260103721262e+01 7.538361372058190568e+01
2.182536812297815132e+01 6.347644189563735750e+01
7.150494141613144450e+01 4.877524966545922780e+01
2.939029352252509142e+01 9.313053429787231607e+00
8.439973150679979597e+01 3.545462552277493273e+01
4.407625778910705350e+01 9.854443755361799617e+01
5.842922711227668486e+01 9.962815496194778575e+01
2.475256609730725899e+01 3.753823892702146114e+00
9.490052783243891099e+01 8.407118331252534915e+01
9.328575774495617168e+01 8.621015298199145604e+01
9.499194254817808769e+01 6.642391186768628586e+01
9.013580383185114897e+01 8.929243547334654352e+01
3.026127888564478141e+01 8.699831895958253369e+01
3.296366819813367499e+01 6.429968441157922143e+01
8.109100687215781988e+01 5.503820681839000173e+01
9.381328862728901186e+01 9.605629724823607773e+01
2.486654061409999628e+01 3.751246029041064389e+01
8.222152420348625412e+01 2.460817747679344691e+01
3.457827560267758571e+01 6.282871881716660312e+01
2.453614530331605792e+01 3.028507591839293411e+01
8.038023101013419591e+01 4.641717687749231658e+01
9.758440047917005700e+00 9.190001061775983260e+01
3.250735544834323321e+01 6.237329047884152544e+01
8.128773017268127887e+01 1.588746367046710617e+01
1.286373255757196077e+01 8.309634123837230391e+01
3.831695381224133712e+01 3.039106692237994878e+01
2.234800298164309851e+01 7.923682968175101848e+01
2.117856366572710058e+01 9.934736981181627868e+01
1.986044339307100159e+01 9.755427445318255764e+01
1.433176644596717608e+01 5.820266757872349928e+00
1.882475125998483989e+00 9.168235341708711417e+01
6.216042536847269417e+01 8.706583235273290811e+00
7.298803025923558607e+01 8.865148988935956709e+00
1.292852864782211242e+01 9.744904769823388335e+01
2.527604692197573755e+01 8.514967039569910412e+01
5.551392049674949192e+01 5.276219542059086365e+01
4.128320185432643541e+01 6.312461607278063269e+00
2.842636190856199363e+01 5.620261699660401433e+01
1.774345434788324738e+01 7.056100450685464409e+01
8.684022313043789154e+01 5.535048720994691962e+01
4.819918793466438700e+01 4.625598527078236089e+01
5.095935177045556230e+01 5.542708520007695228e+01
9.148801349047262477e+01 2.825143059606941520e+01
6.519196490705486724e+01 8.201870945678378177e+01
6.643600498634795315e+01 9.594879552911940834e+01
1.132477331777415053e+00 5.752373677051990342e+01
8.819745842176439510e+01 5.447327139959030262e+01
1.425864874398136095e+01 3.350050264854582593e+01
5.181947008860512227e+01 4.506329591856895078e+00
1.065108862789931976e+01 7.784560525469481718e+01
8.308373651011133632e+01 8.959886116856507599e+00
8.453826053961533660e+01 8.178022093064203091e+01
2.943664527936314812e+01 5.512968792173376187e+01
4.912766843073301715e+01 7.965872026783709714e+01
4.037109666172631250e+01 4.629209167598558494e+00
6.904614902364538409e+01 8.672857537811931650e+01
5.937115155035262148e+01 1.468363211923175982e+01
4.660378775634057291e+01 8.439093994743022620e+01
9.461966759099024671e+01 6.371744377246053403e+01
9.306979904008719018e+01 6.404979902885500564e+01
5.271278525352995459e+00 7.329073921687333382e+01
1.059243152128658316e+01 3.966307689869194064e+01
7.020276075157649842e-01 8.258536026332672009e+01
2.329490009499707170e+01 2.673817290949453973e+00
2.544710385878172687e+01 2.954085740081171707e+01
9.384487213438526965e+01 3.114126546189749334e+01
7.477292104662922156e+01 8.628270298992526932e+01
4.032996151378450378e+01 5.043709502016714197e+01
8.176576882120080825e+01 7.431405971175387037e+01
9.067151758316194332e+01 3.284973826757386917e+01
7.133906766702138214e+01 4.615329748192926473e+01
5.720356111519669184e+01 9.602164295933096128e+01
1.098173161771720530e+00 1.383485242932136483e+00
3.026792965478164454e+00 8.757417306501761800e+01
6.615165742476531818e+01 1.035085765267496072e+00
5.219450481931630037e+01 2.463296017825174999e+01
1.162888052262721672e+01 2.570298697311826785e+01
4.220454388357652675e+01 3.621698561955595608e+01
9.873069847280611100e+01 2.198376431154377286e+01
9.666679140675523740e+01 1.616871369100185518e+01
5.778663738168756936e+01 6.362835911338981276e+01
6.077479639788481336e+01 4.906878462617518011e+01
8.991724909583665237e+01 2.532434659952804878e+01
1.707572402640198561e+01 3.543074127405954066e+00
9.066893534958995815e+01 7.402676968199455132e+01
8.120347756719998245e+01 3.843454702154549807e+01
4.423153011481824137e+01 1.976902097116898105e+01
2.169179567629690908e+01 6.747669104487576419e+01
2.937224544051607467e+01 4.729722996619851472e+01
1.131799399516464355e+00 5.058753300613312121e+01
7.497583248256744071e+01 4.603055851544571908e+01
9.067814628906477026e+01 8.828430371166187740e+01
2.415735511531160640e+01 5.423985038311322171e+01
3.804453890950119899e+01 6.766162898237924139e+01
4.686799841358775609e+01 1.024554891626443620e+01
7.333446783975256267e+01 6.600192577105833891e+01
1.399959880023367020e+01 1.857152202246388129e+01
8.663651500801783811e+01 2.732324369965866140e+01
3.689164551045134033e+01 8.727346795170934968e+01
8.320936824700321210e+01 5.250478501693588385e+01
8.013803672368050002e+01 6.138594650439596023e+01
5.473282336598627040e+01 2.991464892820224719e+01
8.177092036307026035e+01 1.383772909653946392e+01
8.338153609616679773e+01 5.196359543960258520e+01
7.881732471941420215e+01 1.064562335549062944e+01
6.486945185274687731e+01 9.102495748016667676e+01
4.440012560873896064e+00 8.621314539476493621e+01
2.577267987011733208e+00 4.749747884882189197e+01
8.942876743755098801e+01 5.066961375185744743e+01
4.391027014047541854e+01 3.833092888995071945e+01
2.155409884832645417e+01 4.361490251355338899e+01
3.752223652521313735e+00 5.850254158771581814e+01
4.325252450910511470e+01 8.736014335587340440e+01
6.589425414814327553e+01 3.896786011270131667e+01
7.752516564288765721e+01 6.937473817018413058e+01
7.290030957713803161e+01 9.018530148802560120e+01
3.569656313378983015e+01 2.446035668145604092e+01
3.785990075283515210e+01 3.415548282484487430e+01
4.985022953661732004e+01 3.989218111702913205e+01
7.773950388892589558e+01 4.591314910739596655e+01
6.918650593116696257e+01 4.355859529376695605e+01
9.627546213972628664e+01 9.451376967632613457e+01
6.329673178877527562e+01 7.226666402025649916e+01
2.172170650411309190e+00 9.045023336801637015e+01
3.587311930700551699e+01 6.072488890184586552e+01
5.963836503475727824e+01 7.986425994491476388e+01
6.009100810561344019e+01 4.572642246881122219e+01
6.181963422241980766e+01 4.025077179693503382e+01
8.881738069466601360e+01 1.442298637321103350e+01
9.094040259756576461e+01 4.253501512433865983e-01
8.351527290713977436e+01 9.286240360745925670e+01
9.264896538076450838e+01 4.997832735075812138e+01
2.644655779859406142e+00 4.808163797419445729e+01
3.587037742330606704e+01 8.920433109310489783e+01
9.789207712965257713e+01 6.037004116967579392e+01
2.593621542126167689e+00 1.262454305855816905e+01
6.971633719778586169e+01 9.920173283261668473e-01
6.182599299976247664e+01 1.916607999720958588e+01
7.361082545491677820e+01 3.964775835255412773e+01
1.109932532010856576e+01 6.623987823323935231e+01
7.745425973129343333e+01 4.051226969918084819e+01
7.561223830310123617e+01 6.093615794504481187e+01
2.551958703419197150e+01 1.835535470262035318e+01
4.094348074394091697e+01 4.707751105850571349e+01
5.678843187006780369e+01 8.703820841969397293e+01
1.569679739173974653e+01 2.251949786186898805e+01
1.115535605034633271e+01 2.243100865123871657e+01
5.133032160322920845e+01 1.136154031783843621e+01
3.858228765127302040e+01 8.173138741504645566e+01
9.303840298965441491e+01 4.338246452906311390e+01
1.430374634882908325e+01 1.818191792667287388e+01
9.390145358397522557e+01 7.147292393598829108e+01
4.673466140322565110e+01 5.674206863002306989e+01
8.755273657353978933e+01 9.845200982790258237e+00
9.704229045400838061e+01 4.319169221183894081e+01
3.835704244058197077e+01 5.228109035896554957e+00
3.585675736172622408e+01 8.484359098399811216e+01
4.066185236430317218e+01 1.786109242802335118e+01
6.491318590680322131e+01 9.662507363530352222e+01
2.106906321364744272e+01 1.739415577521090484e+01
9.358132059735493158e+01 6.816676690893631019e+01
5.265997196870642938e+01 6.956551708035844683e+01
9.828805266116448536e+01 2.676212872577468005e+01
6.928892733126083670e+01 6.263655557904773730e+01
6.977450213145341706e+01 8.273618286044248649e+00
2.052301084609279158e+01 6.271239912117021476e+00
2.026141536456774617e+01 6.222604905118090812e+01
3.778813152544828569e+01 2.559298024342454525e+01
2.851387332995288659e+01 3.226897292496085612e+01
9.527259726549166885e+01 6.739028426890072865e+01
6.693143756991929649e+01 5.798376462102443440e+01
2.140602286809485477e+01 3.632982077745528215e+01
2.727361568060432262e+01 7.127460191096527353e+01
3.006452301470219268e+01 9.370312251280942917e+01
4.347484256839251060e+01 7.921045922829168262e+01
3.009792140563360974e+01 5.903654471077430799e+01
7.041101003774342360e+01 3.745605651773835376e+01
1.190858020991071342e+01 4.551307895746671051e+01
2.591485496499712582e+01 8.148143395921630372e+01
8.233576050368247934e+01 4.471465842969712945e+00
3.148227717898294387e+01 4.758701890488725894e+01
5.150927803899616464e+01 5.252512235135397134e+01
9.005032631045206415e+01 7.636069867201571526e+01
9.532084548486112396e+01 3.900387950953738425e+01
9.324626334199551536e+01 1.883364431424629970e+01
3.391694829915289233e+01 1.187509079596272876e+01
2.567689435715594470e+01 4.000659281578550264e+01
9.817920818376964576e+01 6.070629878774172994e+01
5.626504464504368030e+01 1.734634739895340871e+01
3.485882230511443680e+01 3.559372526459021202e+01
1.841936094396734447e+01 8.493911855442556202e+01
1.588542010914354385e+01 4.235454322879705558e+01
6.531193341674590869e+00 2.529579360706801783e+00
5.309147453299729591e+01 8.179985615708085334e+01
1.239047251029812280e+01 2.344079028025906197e+01
6.894357799125216957e+00 9.432950577771623557e+01
7.113398634995064640e+01 9.990612176914441989e+01
7.387446810124994556e+01 9.559229577382467369e+01
7.702745979662917186e+00 5.867467754238545297e+01
7.173139535281445944e+01 7.949587327888035304e+01
1.156967796997367870e+01 1.024580153880604350e+01
3.172026644696125430e+01 5.366343685926931073e+01
4.971957555513978377e+01 5.560545103918143894e+01
1.258790590751870297e+01 6.146846580222867829e+01
6.042448784853119292e+01 2.738620135729619154e+00
2.790672308821076086e+01 7.156545736701770011e+01
4.934216143926119003e+01 1.454808611098675719e+01
6.364260146272826546e+00 4.909395085447844309e+01
9.240349816684661732e+01 6.630428226343632048e+01
9.109659717034088544e+01 7.173157127405323763e+01
1.940100515603966258e+01 6.144201992701099613e+01
8.048448909294268105e+01 6.409636435307052693e+01
3.391077156459624575e+01 9.432679704592879943e+01
5.756563050015317984e+00 1.415358181059847098e+01
1.454217443306016122e+01 6.896006676952505643e+01
9.316264381310168652e-01 5.651700751555699753e+01
6.321220800281107444e+01 7.813053420400400739e+01
6.054960219350311945e+01 3.403056492822782531e+01
3.771170901672401499e+01 8.281464073517241786e+01
1.703479219464316685e+01 1.572569271339931873e+01
2.565558973012133137e+01 2.918508800469296105e+01
3.528736030668714108e+01 8.769477349397807586e+01
2.540772530794946960e+01 9.626203607266566564e+01
1.150528171260033439e+01 7.107652990093281176e+01
5.913143767694000275e+01 1.155555028201457013e+01
7.207676379161139835e+01 6.176867242198213859e+01
6.452496544352060326e+00 2.269679193554408059e+00
4.641243316937140406e+01 9.410075392696581886e+00
4.327567214945823082e+01 3.112110213802823466e+01
2.745434964977500059e+01 1.159753766207772863e+01
1.029664181173157722e+01 4.393271919087120381e+01
8.496044851398080766e+01 8.364422716227673504e+01
1.882169781858259583e+01 3.149042957166575718e+01
8.859930466578053654e+01 8.356790088225234570e+01
9.660810469942629197e+01 5.826564991697233609e+01
2.572685162896215516e-01 3.909010704822424032e+01
2.223165605714951809e+01 9.485028489356798787e+01
5.907126886502914687e+01 5.825893096476760036e+01
5.247261847320141470e+01 1.632752030590387449e+01
7.564350234379736548e+01 2.638176035208590520e+01
7.303009853247101546e+01 1.839644705048719686e+01
1.710605757071702726e+01 6.335115221845113354e+01
4.837138557623287483e+01 2.098154725787415575e+00
2.901760978297131999e+01 6.167134951426085365e+01
2.456335202501204051e+01 2.931637824080667443e+01
6.387152399099822730e+01 1.049141128149858559e+01
9.110464302013188131e+00 4.171111246654600535e+01
8.629461346647445907e+01 6.590682229833259953e+01
2.841071620876634007e+00 3.043563549851174699e+01
5.777325969645132631e+01 9.372629773102511308e+01
5.472193071380426943e+01 9.825928852694190141e+01
2.469838702006768116e+01 7.849445312327635804e+01
8.471490910621713510e+01 8.779856689763015254e+01
1.405953594926536709e+01 7.564293051842857096e+01
1.031391735484091754e+01 8.043569558517917528e+01
2.666472670919582910e+01 7.383852827852260248e+01
8.688988241269591128e+01 7.653405982365619309e+01
9.787206466951067796e+01 6.118747770572439038e+01
4.522926775480273776e+00 6.867766015580596672e+01
8.635329921210507109e+01 6.722217347499575624e+01
4.183898317918944798e+01 1.726853352559892940e+01
5.104072472807841621e+01 1.840843149095576692e+01
4.107070035411799580e+01 3.736299385040361187e+01
1.402227793712363990e+01 9.799422017288387110e+01
7.060318301059163559e+01 6.976162492172782947e+01
7.197102159827495349e+00 6.322317440676921052e+01
4.236332560875740683e+01 9.708167569397615182e+01
1.271047806281020343e+01 7.484882064259076628e+01
9.293001920575146357e+01 6.418940900455056919e+01
1.416650988662860833e+01 8.061728980101803188e+01
5.425095620604511737e+01 1.463366812926566496e+01
5.711095978337459655e+01 9.819318296791045952e+01
1.875298025825051695e+01 2.365220465167762143e+01
9.491202488221769329e+01 3.773325803507916731e+01
5.663574416504935094e+00 8.734678873832730517e+01
5.919641801654551116e+00 7.651127308148775796e+01
1.351776649058795599e+01 5.327883441976124601e+01
1.295149743441158563e+01 8.625842614107044426e+01
1.951915197217232034e+01 7.790578750134500297e+01
5.894070652995721105e+01 9.905010133170108588e+01
3.406401160537589590e+01 3.081458602991789064e+01
8.768320066578364447e+01 5.518843656366371420e+01
5.804150996732870738e+01 2.058275762460684177e+01
8.705193329380833234e+00 1.256842695469329030e-01
4.709845146680613936e+00 3.797698147181095862e+01
7.561012443380199954e+01 1.288682666957799938e+01
1.654904604438356586e+01 9.991373937513702685e+01
7.860900721323625362e+01 8.026767786532751359e+01
4.060406124834544528e+01 7.245923732466053480e+01
5.402072575591713388e+01 6.832237254041068297e+01
7.973455226531326900e+01 5.500147883725414744e+01
8.622287700327156301e+01 1.822470247967957846e+01
1.947191457351712529e+01 4.478194632971623435e+01
3.139177100607080106e+01 7.327197856029216894e+01
2.023813361401231958e+01 9.016730723714671569e+01
4.042013497786947340e+01 2.734262588454389231e+01
7.799731606733024591e+01 9.722323847184162560e+01
9.737518093918508555e+01 2.610319871311475026e+01
2.824230179885856984e+01 1.138084214788093185e+00
6.295665183358634209e+01 3.224636083844467294e+01
6.573610659271967904e+01 4.602569534637206061e+01
1.891310934328227589e+01 5.377054273365179426e+01
7.543129516569450743e+01 2.935737562755633689e+01
6.833088601596874412e+01 5.205577625852075840e+01
6.198415096089562581e+01 7.669135667637528186e+00
1.086431106661913759e+01 3.759691653178604298e+01
1.759712543797040496e+01 8.213264143184308352e+01
9.498949898475572695e+01 4.401852991344676980e+01
1.861914913470320698e+01 2.224700362971303491e+01
5.182587378664963751e+01 7.851826798166239030e+01
1.771193406768360035e+01 4.955825069214549217e+01
6.611890709643736841e+01 7.658080586916449661e+00
3.878600057907424059e+01 1.990301997376212739e+01
4.987349706181593234e+01 7.250489100915218899e+01
9.488714022974070872e+01 4.024955300682603365e+01
4.029908830417924293e+01 2.564211913993297287e+01
9.911091940242174303e+01 8.178724421813933532e+01
2.538988958868984014e+01 2.177736528021489981e+00
9.032213629407100086e+01 3.014741249690425917e+01
8.688350626597319604e+01 2.370703250043207788e+01
4.056791756005517868e+01 5.202483498484783553e+01
9.470287321825951210e+01 4.519416632730671779e+01
5.057385240472483900e+01 8.198110105944492432e+01
9.843338603634585127e+01 6.016757723679955205e+00
4.894446772824516501e+01 9.348581572986570620e+01
7.031835038217109002e+01 4.771394822630603549e+00
1.970495945993223685e+01 8.492296263827549296e+01
6.537427875708978320e+01 1.579797733803135529e+01
9.057767783781409321e+01 3.892223889403781811e+01
4.107487725332090633e+01 9.668787845335858222e+00
1.069441523289541607e+01 5.766321456055999306e+01
7.034047578485019869e+01 6.640748040005067310e+01
1.612427678259653607e+00 9.341130420920568156e+01
7.962352067868368977e+01 5.979487252795671282e+01
8.207182477018830014e+01 8.849923085144310164e+01
2.973523279340670911e+01 9.316267083512600777e+01
9.751784122742859040e+01 8.374020398894614914e+01
6.855571992455763564e+01 8.783923553098011894e+01
9.487173130138316424e+00 1.388153424387239543e+00
1.883872165125323050e+01 1.318584221987204685e+01
3.478192832202417151e+01 1.888260785402301423e+01
3.668907020609704261e+01 3.248955044822265847e+01
6.919123697304640075e+01 8.386335885903952203e+01
3.686657604946591249e+01 7.366395778122343074e+01
4.994422013503886149e+01 4.544574461389738751e+00
1.799577598855424299e+01 6.253047387898028830e+01
5.093245437752648286e+01 4.418691584901628744e+01
8.303736346556318892e+01 2.307845454085100201e+01
5.034018043950725030e+01 1.254765341485691899e+01
8.485525850261768710e+01 5.596543556371287309e+01
6.657039684856847828e+01 7.995113260208026418e+01
5.489584609332634102e+01 3.968971255283224764e+01
5.790415318034494163e+01 2.158871683615197767e+01
2.376651939728688845e+01 3.384584672873744182e+01
5.530974865235961602e+01 7.101106554155434480e+01
9.327111707324664280e+01 5.151599668807816101e+01
6.475292295750683991e+01 7.758937630973404964e+01
3.552595757444484548e+01 7.897003534519579659e+01
3.418019424170910270e+01 9.827599979903538951e+01
8.334346687190490854e+01 6.373408440515012785e+01
6.575180530986672522e+01 6.559539016263623523e+01
2.514895661447613762e+01 1.450780102340297795e+01
1.695503766695664183e+01 1.601822839599078563e+01
5.800196578370545808e+01 3.333491764229420085e+01
1.772456165658156024e+01 9.375613578978122575e+01
6.344508306768003081e+01 4.626439105763482473e+01
8.454010008192031478e+01 6.386114338417657876e+01
6.026612884491612476e+01 3.167902630036091338e+01
5.729542117007180302e+00 3.220141048322962263e+01
3.147629190039047486e+01 3.277400914292732637e+01
6.368490547128566703e+01 1.140505812297171140e+01
2.411543163827477443e+01 9.595627466695673036e+01
9.422205928083083393e+01 7.391868510092237443e+01
4.023856746133680495e+00 8.560595846418348742e+01
1.937345785147510568e+01 4.438380142205863166e+01
9.086097679632922564e+01 2.576795213534898110e+01
8.582277447371470203e+01 3.165849259113230474e+01
3.914562617131057465e+01 6.003833672405299637e+01
9.779873047082830340e+01 8.626002015016594271e+01
9.123332324497181389e+01 6.483887513017036497e+01
4.325113710169634373e+01 1.122910762914022342e+01
8.944149263099944847e+01 3.280167403271271098e+01
3.090612169802500375e+01 5.447957981221737356e+01
7.698195289037643363e+01 2.637169902417048206e+01
6.438186350219716303e+01 3.150117882581341533e+01
1.177079700619930769e+01 5.749415340344088321e+01
9.640986622783826476e+01 3.644435087365744153e+01
5.135810769375552809e+01 6.545127581682186246e+01
3.893096074437794130e+01 6.161632930361618321e+01
1.135750522618449487e+01 8.263545453217776071e+01
3.804476965246539333e+00 3.874815142758839670e+01
5.652888707932896750e+01 4.968104372652120304e+01
1.150544734091266719e+01 6.437874073397203745e+01
3.563191223602043323e+01 5.660849006368127334e+01
2.123162205290235605e+01 5.432891884521778536e+01
6.191745093056189120e+01 1.765241072933869759e+01
3.628688328540948760e+01 6.183824915702331992e+01
6.758765666431804675e+01 7.905639621298122677e+01
7.584337382479999334e+00 5.429046293608121942e+01
2.376191293279086381e+01 3.705249302495455765e+01
3.108201172948418289e+01 8.746416289942591504e+01
2.803871965282291967e+01 7.318294736682925361e+01
5.943097413541353902e+00 7.047272273077645366e+01
3.171640576298314684e+01 7.345834139001323138e+01
6.685708029078180914e+01 9.812688687292261136e+01
2.693690613468115913e+01 3.369258133629661245e+01
5.340803078274964832e+01 1.667683534262287637e+01
7.635569730507391739e+01 4.980905318209184429e+01
3.132979156758116801e+01 2.943495375147956494e+01
3.315319290013765396e+01 1.791749742004326151e+01
8.207763703921045817e+01 3.946227855393465944e+01
5.568678161922171199e+01 6.803242735995207013e+00
6.974581665827659549e+01 7.996613575708566657e+01
5.015259538209654266e+01 3.586167668847366485e+01
9.311219864809001479e+01 6.669292091009131696e+01
7.800890143834450896e+01 9.206005903428966519e+01
4.362872545881689490e+01 8.816939276043846974e+01
8.906394611576540399e+01 6.068652695964119914e+01
3.295629216825764729e+01 3.889424029541187622e+01
3.456611127374659276e+01 8.783713212765343314e+01
9.450377376962065057e+01 1.157173894381513524e+00
3.152742314132574819e+01 2.186781420767896122e+01
1.182428234494704533e+01 6.254488080900893010e+01
9.033493555928498608e+01 2.890120479620872374e+00
5.883550637669388017e+00 1.191381144442105189e+00
4.192177301518024279e+01 3.425755908976606179e+01
4.553640994024696909e+01 2.415592509353866646e+01
6.009602833684725454e+01 6.993903948320574671e+01
7.565078194810172363e+01 5.975088017852537803e+01
8.433247265790095071e+01 8.490198313488882320e+01
1.877420800764929609e+01 7.691027160512237515e+01
9.607557184292599572e+01 1.718327518468633031e+01
7.172818038660675199e+01 8.350735398189019065e+01
6.602806893260138565e+01 2.580902343911865060e+01
5.308941705494243024e+01 9.862238917656833337e+01
2.150904991556481605e+01 3.238501635221498987e+01
9.640916014274429813e+01 3.050780414629598170e+01
3.829559286206831814e+01 5.543377119828664235e+01
8.808231195990701679e+01 1.647245446156941906e+00
7.605921295650969682e+01 7.528904490072756062e+01
4.708244651911209644e+01 3.370063767621927298e+01
9.234801607766065956e+01 5.781316598048162803e+01
9.000904875846407549e+01 7.398885906040490568e+01
5.527381207158269660e+01 2.186599082574025488e+01
6.807893645864676557e+01 6.253152010131876182e+01
1.542243473491574690e+01 8.013228400985997268e+01
7.809551470659194194e+01 6.257256083607467190e+01
7.789775123618615282e+01 6.755640031116406874e+01
1.674497802243604028e+01 9.187459563683722763e+01
7.244895193137682554e+01 7.787215050079279877e+01
2.601357319607199159e+01 4.680244834031055845e+00
3.303197233207122441e+00 1.255551458772364803e+01
6.631516456854383534e+01 4.284309572742356664e+01
1.470788187176557216e+01 4.101428565530296311e+01
8.596212133412450385e+01 9.425181249444472087e+01
6.437866126662881072e+01 9.871974252713833664e+01
5.010526051143902038e+01 2.815602819653962996e+01
3.869234082558799770e+01 7.902346678789326972e+01
8.971411185355306372e+01 5.072664739878196549e+00
4.964503844910414188e+01 5.857191284959167632e+01
4.300680692400204563e+00 7.052051332211918577e+01
4.309776108230668257e+01 3.527961484183872187e+01
8.094254424123946023e+01 3.556716627920120288e+01
8.947194327267175140e+01 8.060103291825961946e+01
3.067949619527941962e+01 3.916161412526201957e+01
3.145524201464666803e+01 3.801007951373664184e+01
7.191491691748942117e+01 5.663760554688259674e+01
7.407574830992817283e+01 9.855280552339606004e+01
9.459909885625586412e+01 1.043117224829180856e+01
7.278266612924517176e+01 8.497164509436561275e+01
3.327512094757608452e+01 8.914332651173005218e+01
6.474606524176731170e+01 4.367129955056967816e+01
1.048925301172717361e+01 9.340099459599755960e+01
5.286005671245941073e+01 5.143488344940200108e+01
2.458516069478532273e+01 8.902750763378064391e+01
6.109413516743512673e+01 6.291694258825173591e+01
3.483912072028769558e+01 9.116932968453258468e+01
7.887782969252401699e+01 8.549545568944941465e+01
3.516468074046782277e+01 2.144254832149923118e+01
7.099734471743880704e+01 2.425802432468646685e+01
5.570691740209075959e+01 8.956286310055128652e+00
8.910368314992039984e+01 5.541907306426728042e+01
5.233756429020752776e+00 4.351642263164958990e+01
6.204117660141085366e+01 1.578018207213416346e+00
5.310749957929948550e+01 4.335168832674770556e+01
2.341861027818950092e+01 3.663948754701436172e+01
9.302174092337381239e+01 5.146442783279893973e+01
6.962310078749948161e+01 9.449449550725313429e+01
5.400392551840486277e+01 6.168811914003635266e+00
2.826020073945809585e+01 8.708862196982247283e+00
9.349345468298633932e+01 7.954592900848423653e+01
6.328585972262157355e+01 5.599660066870038833e+01
6.552447623596297888e+01 2.475233338939538541e+01
5.086264161204000800e+01 1.656559230839638275e+01
6.089669963589128088e+01 4.206521470796948847e+01
3.821496364650405297e+01 5.744493873938500172e+01
9.854688228079039902e+01 4.555303306899478599e+01
6.410820524032175172e+01 7.465263547650657472e+01
1.606825398265342386e+01 1.552361593582491928e+01
6.458001648765106495e+01 7.117817996301486971e+01
8.386489331976530082e+01 1.787451124777762601e+01
9.553711961822961030e+01 5.325504632404079075e+01
4.218504529896669197e+01 7.967887191975384553e+01
5.770271763221310835e+01 7.452418968014883660e+01
7.269419199792622521e+01 4.982971045591543202e+01
8.172390063881967137e+01 7.056346716637824557e+01
3.901358554265831202e+01 9.324308779572730543e+01
4.036746739814203977e+01 4.477581944083769372e+01
4.753882649483819023e+01 3.509213091923797379e+01
5.315027218270185472e+01 4.701048990429169550e+01
8.992245326113477688e+01 1.412605015947867670e+01
7.934129866854133795e+00 7.839223402448064348e+01
1.662199021279781164e+01 4.589842487823481321e+01
6.807463597486133722e+01 5.408196124763173884e+01
2.937673876498027070e+01 3.432356272761695948e+01
8.096507047746479202e+01 6.120308760047132779e+01
2.429063365574551980e+01 8.219774721696809650e+01
1.432852599628125034e+01 5.698865863924607034e+00
5.358290667965558640e+01 7.638640306694706794e+01
7.015488323981776375e+01 3.561040135182218336e+01
2.094553957025559043e+01 7.311874869049414372e+01
9.482126280548844477e+01 1.456916197219350018e+01
8.815840758268204524e+01 4.097612261190965910e+01
5.225713429239741004e+01 1.547540443707544711e+01
3.421650354081351431e+00 9.230753423153407766e+01
4.845097612929812669e+01 2.177415171926323367e+01
9.685567290783143335e+01 5.642889679867231223e+01
6.401182289673351988e+01 9.021173027894138841e+01
3.293539732938671705e+01 4.044874198544398070e+01
1.969927005404791132e+01 7.846383053521276452e+01
7.703682554119623660e+01 8.217169945671474807e+01
3.249786311208152512e+01 6.237024313481276749e+01
1.606388276319153974e+01 9.411043279812282947e+01
4.814532526741579233e+01 9.649995420412236058e+01
1.133848343504171297e+01 2.870210450858402496e+01
1.976666472211452330e+01 1.562175803302205956e+01
9.713095038173430851e+01 3.770438325335000229e+01
2.555576106934623937e+01 1.924071944098444220e+01
1.312115759053612507e+01 9.720474698897885446e+01
1.705036457271189576e+01 8.448675328080985025e+01
2.343780271517596958e+01 2.460627511837198966e+01
7.102230081821876695e+01 8.043059342364574604e+01
7.884237159692742125e+01 1.677903523816982556e+01
1.292660148540628562e+01 9.748435772840890579e+00
7.158676537158088138e+01 8.649492425337554380e+01
2.093332362669376678e+01 3.213460251158701908e+01
4.830643302532617867e+01 1.667098783773325366e+01
4.578503994648080777e+01 8.354757844263167499e+01
4.582976654898573976e+00 4.757447968530903459e+00
8.598594447737215773e+01 1.432981792652314823e+01
1.146195416674565770e+01 7.605172868225331229e+01
6.660200067977257277e+01 3.150945306427987980e+00
2.151225949082305888e+01 8.076688147684873087e+00
5.777550693338705656e+01 9.489771532767552742e+01
5.367476719800161788e+01 8.981784898548767160e+01
5.803842163774143614e+01 2.781307542589879134e+01
4.295970865839701247e+01 8.792472470563704690e+01
8.873980327389421063e+01 5.384650876220798921e+01
8.268800730920663966e+01 6.669727686209341755e+01
2.054301195089514209e+01 1.485524540123629400e+01
7.257939039267556325e+01 6.299552970155095721e+01
3.930480535384428542e+00 4.716238430206674792e+01
1.252396232733543613e+00 4.818583427786462892e+01
7.257353610506550012e+01 9.674347289591777610e+01
7.712394109639816975e+01 8.159606227884007978e+01
2.093124803165223824e+01 8.935884733179779005e+01
5.222478002644744777e+01 4.404188425858458800e+01
1.098672209077368223e+01 4.822221404362247199e+01
4.701314424550019311e+01 2.744521974050506685e+01
4.092572763452560736e+01 8.761105419672465189e+01
8.636934161458380288e+01 9.481668386982356367e+01
5.542863711895099499e+01 8.993868336087876969e+01
6.996372840822404271e+01 2.472633031608381060e+01
7.383964240064200268e+00 9.490574629151211639e+01
7.471866402206546809e+01 5.117092036799451904e+01
5.591961077134861569e+01 2.968267391718233483e+01
3.411481824192070889e+01 4.021786248160195498e+01
4.619223282438837686e+01 4.543046505579558669e+01
4.684717352033209892e+01 9.683282309735538718e+01
6.665543657741224592e+00 8.379368141034992945e+00
6.525129625947182888e+01 6.754218225948214638e+01
6.087367989098667920e+01 4.454090827305942923e+01
8.179362715512303339e+01 5.237488711851499090e+01
8.343622131506867845e+01 9.026335477320317580e+01
8.173372877083373567e+01 9.852949293732704561e-02
9.777453675321146420e+01 2.801170248013068331e+01
2.676442230043473103e+01 8.575212411259167311e+01
6.837606718436683195e+01 5.402472153058444349e+01
7.287089790183252092e+01 1.258682527978219845e+01
4.119922319008726674e+01 1.810502017893779225e+01
9.167403747375144007e+01 7.780206077018456767e+01
8.216637027398783744e+01 4.345375955569835469e+01
3.280826628632986797e+01 4.757889452639084737e+01
8.364570979341768009e+01 7.774627923745610758e+01
1.377805589534764152e+01 6.019347572110159916e+01
8.797713628631420590e+01 6.714802353116692757e+01
7.710008775997026476e+01 9.402218093522304798e+01
8.710868970257679678e+01 2.723238014814958063e+01
7.495530876844826196e+01 5.901244788428529375e+01
5.110774448520897550e+01 7.072606101011167823e+01
3.948811218590422101e+01 1.837891636540711637e+00
2.543327720189991936e+01 3.876828362955754415e+01
9.676640649709435138e+01 6.382013155162824525e+00
3.299779029259242158e+00 6.165270820909546501e+01
1.373314754629050327e+01 4.041396417676447328e+01
7.063986954276622043e+01 8.360591577922251361e+01
7.474555690453588852e+01 9.139444471457055386e+01
9.125679497454046896e+01 8.483119992140586874e+01
7.066936915018230536e+01 7.344578088073332367e+01
1.094481580941363319e+01 1.558172256355571150e+01
2.041817497313475016e+01 1.194739647933884541e+00
6.824272137409967343e+01 7.479666755035290748e+01
1.783370109727482244e+01 9.768885165805093607e+01
4.773873208199031382e+00 1.631486558566337308e+01
5.950309270305531584e+00 6.036108688710727677e+01
1.458151965426864827e+01 1.289488900833925022e+01
6.280589329579883184e+01 7.694447223709254047e+01
3.929623732097753219e+01 2.404857265420651302e+01
9.891318269809362107e+01 9.790993848987190518e+01
2.939325495395295196e+00 4.916576801922888507e+01
9.763907354961224883e+01 1.128662436050493767e+01
1.551638397933403724e+01 8.983691206152239772e+01
1.845244595948709687e+01 3.000123525472844221e+01
8.276499292875601554e+01 3.032523811122779378e+01
2.869046637489984874e+01 4.120214822426715529e+01
7.773070381010705887e+01 4.676587157953932206e+01
8.301951037479132367e+01 3.234398496553034619e+01
6.697435836148054022e+01 2.378963697436169511e+01
4.889918496889311683e+01 3.018355448302450128e+01
4.483526936555537468e+00 2.320198857440988149e+01
7.841701708061231102e+01 5.957092530721789103e+01
2.971993409962033894e+01 3.578551961278141391e+01
2.292631244614493724e+01 4.363467973221750640e+01
5.287898251980174535e+01 2.834354974644077885e+01
4.720154602261818866e+01 9.720516126114044653e+01
3.473866578892361900e+01 6.137032291125665395e+00
3.710943225025791037e+01 7.990482438396839804e+00
6.894159221484325428e+01 5.384211238952919842e+01
1.630257180759402402e+01 3.560503648012122113e+01
3.112462622851169769e+01 8.101463561573339689e+01
7.942224131779335039e+01 7.780606777302988064e+01
9.203189035031694232e+01 9.947866503628868884e+01
1.678019154719334693e+01 6.287439585365108741e+01
4.085764652146450970e+01 5.825400957660777124e+01
9.381979278673597378e+01 1.211144141378309769e+01
2.315631541894961387e+01 6.236251822770968545e+01
1.280793088389606815e+01 2.499202823673558527e+01
6.231944304943972668e+01 5.263389650115865237e+01
4.700554741086582311e+01 6.230616128025023670e+01
8.127238689155397822e+01 5.435572516891229355e+01
4.214355968625510229e+01 1.541499142669296951e+01
8.336341411828871628e+01 7.537600069527090341e+01
4.311571610339719740e+01 9.889444876592931166e+01
4.708269627393527657e+01 4.676193221394949973e+01
6.939184664037911787e+00 8.892698360377648825e+00
9.245528545996400283e+01 2.017333412181786656e+01
9.704098555454476127e+01 6.375554227097723015e+01
4.543418737488118353e+01 7.784541693223845016e+01
8.846841984628051136e+01 6.191103877093762975e+01
1.190363552091594457e+01 4.434306068228739406e+01
1.976341562291459297e+01 6.918636638385868309e+01
8.205625658899933228e+01 2.448492614803182832e+01
2.204552955237798528e+01 8.708561852482912968e+01
8.726121885825807567e+01 6.842605277064090785e+01
3.666618876165763652e+01 5.571926943598705151e+01
8.500234894155676102e+01 4.352216112107281987e+01
4.753698528907875698e+01 5.048268769198648442e+01
1.736800891054174301e+01 2.359208739424893864e+01
1.164402886704723983e+01 8.615816363870693806e+01
3.629515696451559847e+01 9.490988731444709003e+01
6.825043443223816553e+01 2.811681593161864257e+01
5.392140900971735817e+01 7.984188881771805768e+01
8.673838069264515127e+01 5.324896119413368822e+00
9.716510753855531846e+01 4.818960626311332618e+01
8.928214186511173978e+01 5.876354735026495746e+01
8.219943118314174058e+01 1.218833001996996224e+01
7.674467463354370977e+01 9.012728139106620517e+01
8.897340696205161237e+01 6.875712982728839506e+01
2.049682219154991270e+00 9.438749487083360634e+01
3.063144878043851804e+01 8.262541791481259779e+00
6.572381074408033896e+01 5.219938365340238562e+01
1.796977236849484072e+00 8.728561657694777765e+00
6.462973519670126166e+01 9.055612538342289497e+01
5.835153441902646421e+01 8.156789339397377603e+01
8.185294871856861221e+01 5.259953645970981739e+01
2.957826482027955350e+01 9.764371111845365192e+01
3.584272539321200668e+01 7.127635927955657280e+01
1.095796367083003986e+01 3.481378380521600491e+01
8.468459159454410212e+01 4.741052862392550793e+01
2.925484307135073436e+01 8.323740393354329115e+01
3.769501616625825591e+01 1.586435308520611720e+01
3.435478630602888472e+01 5.602310592369064324e+01
7.151564820870625283e+01 6.397427217559203960e-01
7.737810523438939470e+01 3.076078502188373065e+01
2.451263522318861732e+01 1.034138037788407871e+01
7.656647310813498564e+01 9.527954705867909979e+01
3.835149439240132097e+01 6.730980437257946392e+01
8.152746112041772619e+01 2.960331107431487396e+01
1.942222198695452562e+01 5.668997050492395573e+01
9.367987593002335700e+01 5.832312831268696840e+01
2.604898139638151022e+01 6.916437709271009737e+01
2.714266874059337908e+01 8.643849178469672268e+01
1.525114427739104883e+01 2.768561836081010341e+01
2.298305435835956700e+00 2.530636709080567215e+01
6.118483352612835802e+01 4.651707008594907933e+00
5.757558483510440084e+01 7.160378483352887713e+01
1.060043936034280598e+01 2.429215342919307474e+01
6.981681938747918537e+01 5.484072605455311589e+01
3.309123217536188122e+01 5.097297666054524257e+01
5.410491332604494552e+00 5.960600476136397674e+01
6.172516669869106920e+01 2.212417598490284831e+01
5.581261796732878366e+01 7.635376540300923409e+01
7.530556620906838816e+01 4.328196252195116500e+01
1.771716046941948974e+01 6.314288618354715510e+01
6.545182665103702391e+01 6.288405020880362173e+01
5.278994220834157858e+01 8.547498992146018715e-01
5.528693883094889827e+01 9.712506041028943571e+01
6.042377400756950578e+01 6.020644049226964611e+00
7.882769720993664464e+01 3.643052836069979605e+01
1.461536931422912033e+01 4.859639080975914993e+01
2.856554499905968925e+01 4.717195651976277304e+01
6.215543051395688856e+00 6.169401533357421386e+01
7.060496152613873733e+01 8.440233014061824690e+01
6.546324139863970970e+01 6.298816196985698213e+01
7.772159531112001218e+01 4.182780128989649171e+01
2.064648650854027423e+01 2.206292596055170563e+01
8.801765496685308676e+01 8.957812206219604434e+01
8.817347906691635728e+01 2.040825520650537683e+01
2.135960592879576581e+01 6.932094086462655014e+01
3.544503227430928405e+01 9.124013281794144348e+01
4.929142336598300034e+01 6.864667470145275274e+01
2.403512335775569397e+01 4.157796844667957714e+01
3.418752309471517492e+01 3.669417823773011378e+01
2.154598968522813962e+00 4.718775645044307510e+01
